Accuracy: 0.881

Confusion Matrix: 

[[95  0  0  0  0  2  0  0  0  0]
 [ 0 94  0  1  0  0  0  0  0  0]
 [ 2  8 93  1  1  0  2  4  0  0]
 [ 0  1  1 97  0  0  0  3  1  0]
 [ 0 11  1  0 80  0  1  0  0  2]
 [ 1  1  0  7  0 87  1  0  0  0]
 [ 1  9  0  0  0  0 96  0  0  0]
 [ 0 12  0  0  2  0  0 80  0  3]
 [ 0  6  0  5  0  2  0  4 69  1]
 [ 0  4  0  0  4  0  0 14  0 90]]

Classification Report: 

              precision    recall  f1-score   support

           0       0.96      0.98      0.97        97
           1       0.64      0.99      0.78        95
           2       0.98      0.84      0.90       111
           3       0.87      0.94      0.91       103
           4       0.92      0.84      0.88        95
           5       0.96      0.90      0.93        97
           6       0.96      0.91      0.93       106
           7       0.76      0.82      0.79        97
           8       0.99      0.79      0.88        87
           9       0.94      0.80      0.87       112

    accuracy                           0.88      1000
   macro avg       0.90      0.88      0.88      1000
weighted avg       0.90      0.88      0.88      1000

Execution Time: 8.461695909500122