Accuracy: 0.89

Confusion Matrix: 

[[95  1  0  0  0  1  0  0  0  0]
 [ 0 94  0  1  0  0  0  0  0  0]
 [ 2  7 96  0  0  0  2  3  0  1]
 [ 0  1  0 97  0  1  0  1  3  0]
 [ 0 11  1  0 80  0  1  0  0  2]
 [ 1  0  0  5  0 90  1  0  0  0]
 [ 1  8  0  0  0  0 97  0  0  0]
 [ 0 11  0  0  1  0  0 81  0  4]
 [ 0  5  0  4  0  2  0  4 71  1]
 [ 0  2  0  0  5  0  0 16  0 89]]

Classification Report: 

              precision    recall  f1-score   support

           0       0.96      0.98      0.97        97
           1       0.67      0.99      0.80        95
           2       0.99      0.86      0.92       111
           3       0.91      0.94      0.92       103
           4       0.93      0.84      0.88        95
           5       0.96      0.93      0.94        97
           6       0.96      0.92      0.94       106
           7       0.77      0.84      0.80        97
           8       0.96      0.82      0.88        87
           9       0.92      0.79      0.85       112

    accuracy                           0.89      1000
   macro avg       0.90      0.89      0.89      1000
weighted avg       0.90      0.89      0.89      1000

Execution Time: 58.59070897102356