Accuracy: 0.889

Confusion Matrix: 

[[95  0  0  0  0  2  0  0  0  0]
 [ 0 94  0  1  0  0  0  0  0  0]
 [ 2  7 93  1  1  0  2  5  0  0]
 [ 0  1  1 98  0  0  0  2  1  0]
 [ 0 11  0  0 81  0  2  0  0  1]
 [ 2  1  0  7  0 87  0  0  0  0]
 [ 0  8  0  0  0  0 98  0  0  0]
 [ 0 11  0  0  1  0  0 81  0  4]
 [ 0  6  0  5  0  2  0  3 69  2]
 [ 0  3  0  0  3  0  0 13  0 93]]

Classification Report: 

              precision    recall  f1-score   support

           0       0.96      0.98      0.97        97
           1       0.66      0.99      0.79        95
           2       0.99      0.84      0.91       111
           3       0.88      0.95      0.91       103
           4       0.94      0.85      0.90        95
           5       0.96      0.90      0.93        97
           6       0.96      0.92      0.94       106
           7       0.78      0.84      0.81        97
           8       0.99      0.79      0.88        87
           9       0.93      0.83      0.88       112

    accuracy                           0.89      1000
   macro avg       0.90      0.89      0.89      1000
weighted avg       0.91      0.89      0.89      1000

Execution Time: 17.032799005508423