Accuracy: 0.918

Confusion Matrix: 

[[ 96   0   0   0   0   1   0   0   0   0]
 [  0  94   0   0   0   0   0   0   0   1]
 [  0   5 100   1   1   0   1   2   1   0]
 [  0   1   0  98   0   1   0   1   2   0]
 [  0  10   2   0  82   0   0   0   0   1]
 [  1   0   0   5   0  90   1   0   0   0]
 [  2   5   0   0   0   0  99   0   0   0]
 [  1   9   0   0   0   0   0  84   0   3]
 [  0   4   0   3   0   1   0   1  77   1]
 [  0   1   0   0   4   0   0   8   1  98]]

Classification Report: 

              precision    recall  f1-score   support

           0       0.96      0.99      0.97        97
           1       0.73      0.99      0.84        95
           2       0.98      0.90      0.94       111
           3       0.92      0.95      0.93       103
           4       0.94      0.86      0.90        95
           5       0.97      0.93      0.95        97
           6       0.98      0.93      0.96       106
           7       0.88      0.87      0.87        97
           8       0.95      0.89      0.92        87
           9       0.94      0.88      0.91       112

    accuracy                           0.92      1000
   macro avg       0.92      0.92      0.92      1000
weighted avg       0.93      0.92      0.92      1000

Execution Time: 1272.5836551189423