Accuracy: 0.886

Confusion Matrix: 

[[95  0  0  0  0  2  0  0  0  0]
 [ 0 94  0  1  0  0  0  0  0  0]
 [ 2  8 94  1  1  0  2  3  0  0]
 [ 0  1  0 99  0  0  0  2  1  0]
 [ 0 12  1  0 80  0  1  0  0  1]
 [ 2  1  0  8  0 86  0  0  0  0]
 [ 0  7  0  0  0  0 99  0  0  0]
 [ 0 13  0  0  0  0  0 80  0  4]
 [ 1  6  0  4  0  2  0  2 71  1]
 [ 0  3  0  0  4  0  0 17  0 88]]

Classification Report: 

              precision    recall  f1-score   support

           0       0.95      0.98      0.96        97
           1       0.65      0.99      0.78        95
           2       0.99      0.85      0.91       111
           3       0.88      0.96      0.92       103
           4       0.94      0.84      0.89        95
           5       0.96      0.89      0.92        97
           6       0.97      0.93      0.95       106
           7       0.77      0.82      0.80        97
           8       0.99      0.82      0.89        87
           9       0.94      0.79      0.85       112

    accuracy                           0.89      1000
   macro avg       0.90      0.89      0.89      1000
weighted avg       0.90      0.89      0.89      1000

Execution Time: 25.854551076889038