Accuracy: 0.897

Confusion Matrix: 

[[ 95   1   0   0   0   1   0   0   0   0]
 [  0  95   0   0   0   0   0   0   0   0]
 [  2   8  95   0   0   0   2   3   0   1]
 [  0   1   1  97   0   0   0   1   3   0]
 [  0  12   0   0  79   0   1   0   0   3]
 [  1   1   0   6   0  88   1   0   0   0]
 [  0   6   0   0   0   0 100   0   0   0]
 [  0   9   0   0   1   0   0  83   0   4]
 [  0   8   0   4   0   1   0   2  70   2]
 [  0   3   0   0   4   0   0  10   0  95]]

Classification Report: 

              precision    recall  f1-score   support

           0       0.97      0.98      0.97        97
           1       0.66      1.00      0.79        95
           2       0.99      0.86      0.92       111
           3       0.91      0.94      0.92       103
           4       0.94      0.83      0.88        95
           5       0.98      0.91      0.94        97
           6       0.96      0.94      0.95       106
           7       0.84      0.86      0.85        97
           8       0.96      0.80      0.88        87
           9       0.90      0.85      0.88       112

    accuracy                           0.90      1000
   macro avg       0.91      0.90      0.90      1000
weighted avg       0.91      0.90      0.90      1000

Execution Time: 2265.699546098709