Accuracy: 0.919

Confusion Matrix: 

[[ 96   0   0   0   0   1   0   0   0   0]
 [  0  95   0   0   0   0   0   0   0   0]
 [  1   6  99   0   1   0   1   2   1   0]
 [  0   1   1  98   0   1   0   1   1   0]
 [  0  10   2   0  82   0   0   0   0   1]
 [  1   0   0   6   0  89   1   0   0   0]
 [  1   5   0   0   0   0 100   0   0   0]
 [  1   8   0   0   0   0   0  86   0   2]
 [  0   4   0   4   0   1   0   1  77   0]
 [  0   2   0   0   3   0   0   9   1  97]]

Classification Report: 

              precision    recall  f1-score   support

           0       0.96      0.99      0.97        97
           1       0.73      1.00      0.84        95
           2       0.97      0.89      0.93       111
           3       0.91      0.95      0.93       103
           4       0.95      0.86      0.91        95
           5       0.97      0.92      0.94        97
           6       0.98      0.94      0.96       106
           7       0.87      0.89      0.88        97
           8       0.96      0.89      0.92        87
           9       0.97      0.87      0.92       112

    accuracy                           0.92      1000
   macro avg       0.93      0.92      0.92      1000
weighted avg       0.93      0.92      0.92      1000

Execution Time: 711.5424950122833