Accuracy: 0.92

Confusion Matrix: 

[[ 96   0   0   0   0   1   0   0   0   0]
 [  0  94   0   0   0   0   0   0   0   1]
 [  1   6  99   0   1   0   1   3   0   0]
 [  2   0   0  97   0   2   0   1   1   0]
 [  0  10   2   0  82   0   0   0   0   1]
 [  1   0   0   4   0  91   1   0   0   0]
 [  0   6   0   0   0   0 100   0   0   0]
 [  0   8   0   0   1   0   0  85   0   3]
 [  0   2   0   4   2   1   0   0  78   0]
 [  0   0   0   0   3   0   0  10   1  98]]

Classification Report: 

              precision    recall  f1-score   support

           0       0.96      0.99      0.97        97
           1       0.75      0.99      0.85        95
           2       0.98      0.89      0.93       111
           3       0.92      0.94      0.93       103
           4       0.92      0.86      0.89        95
           5       0.96      0.94      0.95        97
           6       0.98      0.94      0.96       106
           7       0.86      0.88      0.87        97
           8       0.97      0.90      0.93        87
           9       0.95      0.88      0.91       112

    accuracy                           0.92      1000
   macro avg       0.93      0.92      0.92      1000
weighted avg       0.93      0.92      0.92      1000

Execution Time: 80.8753342628479