Accuracy: 0.892

Confusion Matrix: 

[[95  1  0  0  0  1  0  0  0  0]
 [ 0 94  0  1  0  0  0  0  0  0]
 [ 1  9 94  0  1  0  2  4  0  0]
 [ 0  0  1 98  0  0  0  2  2  0]
 [ 0 11  0  0 81  0  1  0  0  2]
 [ 1  1  0  6  0 88  1  0  0  0]
 [ 0  7  0  0  0  0 99  0  0  0]
 [ 0 10  0  0  1  0  0 82  0  4]
 [ 0  3  0  6  0  2  0  4 70  2]
 [ 0  3  0  0  5  0  0 13  0 91]]

Classification Report: 

              precision    recall  f1-score   support

           0       0.98      0.98      0.98        97
           1       0.68      0.99      0.80        95
           2       0.99      0.85      0.91       111
           3       0.88      0.95      0.92       103
           4       0.92      0.85      0.89        95
           5       0.97      0.91      0.94        97
           6       0.96      0.93      0.95       106
           7       0.78      0.85      0.81        97
           8       0.97      0.80      0.88        87
           9       0.92      0.81      0.86       112

    accuracy                           0.89      1000
   macro avg       0.90      0.89      0.89      1000
weighted avg       0.91      0.89      0.89      1000

Execution Time: 141.99867486953735