Accuracy: 0.902

Confusion Matrix: 

[[ 95   1   0   0   0   1   0   0   0   0]
 [  0  94   0   1   0   0   0   0   0   0]
 [  1   7  97   0   1   0   1   4   0   0]
 [  0   2   0 100   0   0   0   1   0   0]
 [  0  11   2   0  82   0   0   0   0   0]
 [  1   1   0   7   0  87   1   0   0   0]
 [  0   6   0   0   0   0 100   0   0   0]
 [  0   9   0   0   1   0   0  84   0   3]
 [  0   6   0   5   0   1   0   2  73   0]
 [  0   2   0   0   5   0   0  15   0  90]]

Classification Report: 

              precision    recall  f1-score   support

           0       0.98      0.98      0.98        97
           1       0.68      0.99      0.80        95
           2       0.98      0.87      0.92       111
           3       0.88      0.97      0.93       103
           4       0.92      0.86      0.89        95
           5       0.98      0.90      0.94        97
           6       0.98      0.94      0.96       106
           7       0.79      0.87      0.83        97
           8       1.00      0.84      0.91        87
           9       0.97      0.80      0.88       112

    accuracy                           0.90      1000
   macro avg       0.92      0.90      0.90      1000
weighted avg       0.92      0.90      0.90      1000

Execution Time: 1370.4814820289612