Accuracy: 0.894

Confusion Matrix: 

[[95  1  0  0  0  1  0  0  0  0]
 [ 0 94  0  1  0  0  0  0  0  0]
 [ 1  7 96  0  1  0  2  4  0  0]
 [ 0  1  1 97  0  0  0  2  2  0]
 [ 0 12  0  0 82  0  0  0  0  1]
 [ 1  1  0  6  0 88  1  0  0  0]
 [ 0  7  0  0  1  0 98  0  0  0]
 [ 0 10  0  0  1  0  0 82  0  4]
 [ 1  7  0  4  0  1  0  3 70  1]
 [ 0  3  0  0  5  0  0 12  0 92]]

Classification Report: 

              precision    recall  f1-score   support

           0       0.97      0.98      0.97        97
           1       0.66      0.99      0.79        95
           2       0.99      0.86      0.92       111
           3       0.90      0.94      0.92       103
           4       0.91      0.86      0.89        95
           5       0.98      0.91      0.94        97
           6       0.97      0.92      0.95       106
           7       0.80      0.85      0.82        97
           8       0.97      0.80      0.88        87
           9       0.94      0.82      0.88       112

    accuracy                           0.89      1000
   macro avg       0.91      0.89      0.90      1000
weighted avg       0.91      0.89      0.90      1000

Execution Time: 338.16792917251587