Accuracy: 0.883

Confusion Matrix: 

[[95  1  0  0  0  1  0  0  0  0]
 [ 0 95  0  0  0  0  0  0  0  0]
 [ 1  8 92  2  1  0  2  4  1  0]
 [ 0  1  1 97  0  1  0  1  2  0]
 [ 0 13  0  0 77  0  1  1  0  3]
 [ 1  0  0  7  0 88  1  0  0  0]
 [ 0  9  0  0  0  0 97  0  0  0]
 [ 0 10  0  0  2  0  0 80  0  5]
 [ 0  5  0  4  0  2  0  4 71  1]
 [ 0  2  0  0  7  0  0 12  0 91]]

Classification Report: 

              precision    recall  f1-score   support

           0       0.98      0.98      0.98        97
           1       0.66      1.00      0.79        95
           2       0.99      0.83      0.90       111
           3       0.88      0.94      0.91       103
           4       0.89      0.81      0.85        95
           5       0.96      0.91      0.93        97
           6       0.96      0.92      0.94       106
           7       0.78      0.82      0.80        97
           8       0.96      0.82      0.88        87
           9       0.91      0.81      0.86       112

    accuracy                           0.88      1000
   macro avg       0.90      0.88      0.88      1000
weighted avg       0.90      0.88      0.89      1000

Execution Time: 2019.511078119278