Accuracy: 0.899

Confusion Matrix: 

[[95  1  0  0  0  1  0  0  0  0]
 [ 0 95  0  0  0  0  0  0  0  0]
 [ 1  6 96  0  0  0  2  5  0  1]
 [ 0  1  1 97  0  0  0  2  2  0]
 [ 0 11  1  0 82  0  0  0  0  1]
 [ 1  0  0  6  0 89  1  0  0  0]
 [ 0  7  0  0  0  0 99  0  0  0]
 [ 0 11  0  0  1  0  0 82  0  3]
 [ 0  5  0  3  0  1  0  5 72  1]
 [ 0  3  0  0  4  0  0 13  0 92]]

Classification Report: 

              precision    recall  f1-score   support

           0       0.98      0.98      0.98        97
           1       0.68      1.00      0.81        95
           2       0.98      0.86      0.92       111
           3       0.92      0.94      0.93       103
           4       0.94      0.86      0.90        95
           5       0.98      0.92      0.95        97
           6       0.97      0.93      0.95       106
           7       0.77      0.85      0.80        97
           8       0.97      0.83      0.89        87
           9       0.94      0.82      0.88       112

    accuracy                           0.90      1000
   macro avg       0.91      0.90      0.90      1000
weighted avg       0.91      0.90      0.90      1000

Execution Time: 836.5920250415802