Accuracy: 0.891

Confusion Matrix: 

[[95  1  0  0  0  1  0  0  0  0]
 [ 0 95  0  0  0  0  0  0  0  0]
 [ 1  7 96  0  1  0  2  4  0  0]
 [ 0  1  1 99  0  0  0  1  1  0]
 [ 0 12  0  0 81  0  1  0  0  1]
 [ 1  1  0  7  0 87  1  0  0  0]
 [ 1  5  0  0  1  0 99  0  0  0]
 [ 0 12  0  0  1  0  0 80  0  4]
 [ 1  7  0  3  0  1  0  4 70  1]
 [ 0  3  0  0  6  0  0 14  0 89]]

Classification Report: 

              precision    recall  f1-score   support

           0       0.96      0.98      0.97        97
           1       0.66      1.00      0.79        95
           2       0.99      0.86      0.92       111
           3       0.91      0.96      0.93       103
           4       0.90      0.85      0.88        95
           5       0.98      0.90      0.94        97
           6       0.96      0.93      0.95       106
           7       0.78      0.82      0.80        97
           8       0.99      0.80      0.89        87
           9       0.94      0.79      0.86       112

    accuracy                           0.89      1000
   macro avg       0.91      0.89      0.89      1000
weighted avg       0.91      0.89      0.89      1000

Execution Time: 434.11913228034973