Accuracy: 0.888

Confusion Matrix: 

[[95  1  0  0  0  1  0  0  0  0]
 [ 0 95  0  0  0  0  0  0  0  0]
 [ 2  7 95  0  1  0  2  4  0  0]
 [ 0  1  1 98  0  0  0  1  2  0]
 [ 0 12  0  0 79  0  2  0  0  2]
 [ 1  0  0  7  0 88  1  0  0  0]
 [ 2  7  0  0  0  0 97  0  0  0]
 [ 0 10  0  0  1  0  0 82  0  4]
 [ 0  8  0  3  0  2  0  5 68  1]
 [ 0  2  0  0  4  0  0 15  0 91]]

Classification Report: 

              precision    recall  f1-score   support

           0       0.95      0.98      0.96        97
           1       0.66      1.00      0.80        95
           2       0.99      0.86      0.92       111
           3       0.91      0.95      0.93       103
           4       0.93      0.83      0.88        95
           5       0.97      0.91      0.94        97
           6       0.95      0.92      0.93       106
           7       0.77      0.85      0.80        97
           8       0.97      0.78      0.87        87
           9       0.93      0.81      0.87       112

    accuracy                           0.89      1000
   macro avg       0.90      0.89      0.89      1000
weighted avg       0.90      0.89      0.89      1000

Execution Time: 1513.0415012836456