Accuracy: 0.886

Confusion Matrix: 

[[95  1  0  0  0  1  0  0  0  0]
 [ 0 94  0  1  0  0  0  0  0  0]
 [ 1  9 93  1  0  0  2  4  0  1]
 [ 0  0  1 97  0  0  0  2  3  0]
 [ 0 12  0  0 80  0  1  0  0  2]
 [ 1  0  0  6  0 89  1  0  0  0]
 [ 0  8  0  0  1  0 97  0  0  0]
 [ 0 11  0  0  1  0  0 81  0  4]
 [ 0  4  0  3  0  1  0  5 72  2]
 [ 0  3  0  0  4  0  0 17  0 88]]

Classification Report: 

              precision    recall  f1-score   support

           0       0.98      0.98      0.98        97
           1       0.66      0.99      0.79        95
           2       0.99      0.84      0.91       111
           3       0.90      0.94      0.92       103
           4       0.93      0.84      0.88        95
           5       0.98      0.92      0.95        97
           6       0.96      0.92      0.94       106
           7       0.74      0.84      0.79        97
           8       0.96      0.83      0.89        87
           9       0.91      0.79      0.84       112

    accuracy                           0.89      1000
   macro avg       0.90      0.89      0.89      1000
weighted avg       0.90      0.89      0.89      1000

Execution Time: 105.58438205718994