Accuracy: 0.892

Confusion Matrix: 

[[95  1  0  0  0  1  0  0  0  0]
 [ 0 95  0  0  0  0  0  0  0  0]
 [ 1  6 97  0  1  0  2  4  0  0]
 [ 0  2  1 98  0  0  0  1  1  0]
 [ 0 11  0  0 82  0  0  1  0  1]
 [ 1  0  0  6  0 89  1  0  0  0]
 [ 0  8  0  0  1  0 97  0  0  0]
 [ 0 11  0  0  1  0  0 79  0  6]
 [ 0  6  0  4  0  1  0  4 71  1]
 [ 0  3  0  0  6  0  0 14  0 89]]

Classification Report: 

              precision    recall  f1-score   support

           0       0.98      0.98      0.98        97
           1       0.66      1.00      0.80        95
           2       0.99      0.87      0.93       111
           3       0.91      0.95      0.93       103
           4       0.90      0.86      0.88        95
           5       0.98      0.92      0.95        97
           6       0.97      0.92      0.94       106
           7       0.77      0.81      0.79        97
           8       0.99      0.82      0.89        87
           9       0.92      0.79      0.85       112

    accuracy                           0.89      1000
   macro avg       0.91      0.89      0.89      1000
weighted avg       0.91      0.89      0.89      1000

Execution Time: 353.68728399276733