Accuracy: 0.881

Confusion Matrix: 

[[95  1  0  0  0  1  0  0  0  0]
 [ 0 94  0  1  0  0  0  0  0  0]
 [ 1  7 94  2  1  0  2  4  0  0]
 [ 0  1  1 98  0  0  0  1  2  0]
 [ 0 12  0  0 77  0  1  1  0  4]
 [ 1  0  0  7  0 88  1  0  0  0]
 [ 1  9  0  0  0  0 96  0  0  0]
 [ 0 13  0  0  1  0  0 78  0  5]
 [ 0  6  0  3  0  2  0  4 71  1]
 [ 0  2  0  0  6  0  0 14  0 90]]

Classification Report: 

              precision    recall  f1-score   support

           0       0.97      0.98      0.97        97
           1       0.65      0.99      0.78        95
           2       0.99      0.85      0.91       111
           3       0.88      0.95      0.92       103
           4       0.91      0.81      0.86        95
           5       0.97      0.91      0.94        97
           6       0.96      0.91      0.93       106
           7       0.76      0.80      0.78        97
           8       0.97      0.82      0.89        87
           9       0.90      0.80      0.85       112

    accuracy                           0.88      1000
   macro avg       0.90      0.88      0.88      1000
weighted avg       0.90      0.88      0.88      1000

Execution Time: 2371.7879989147186