Accuracy: 0.916

Confusion Matrix: 

[[ 95   1   0   0   0   1   0   0   0   0]
 [  0  94   0   0   0   0   0   0   0   1]
 [  0   6 100   0   1   0   1   3   0   0]
 [  0   1   0  98   0   1   0   2   1   0]
 [  0  11   1   0  83   0   0   0   0   0]
 [  1   1   0   6   0  88   1   0   0   0]
 [  0   6   0   0   0   0 100   0   0   0]
 [  0   8   0   0   0   0   0  86   0   3]
 [  0   4   0   3   0   2   0   2  76   0]
 [  0   2   0   0   4   0   0  10   0  96]]

Classification Report: 

              precision    recall  f1-score   support

           0       0.99      0.98      0.98        97
           1       0.70      0.99      0.82        95
           2       0.99      0.90      0.94       111
           3       0.92      0.95      0.93       103
           4       0.94      0.87      0.91        95
           5       0.96      0.91      0.93        97
           6       0.98      0.94      0.96       106
           7       0.83      0.89      0.86        97
           8       0.99      0.87      0.93        87
           9       0.96      0.86      0.91       112

    accuracy                           0.92      1000
   macro avg       0.93      0.92      0.92      1000
weighted avg       0.93      0.92      0.92      1000

Execution Time: 2124.8195703029633