Accuracy: 0.924

Confusion Matrix: 

[[ 92   1   0   1   0   2   1   0   0   0]
 [  0  93   0   0   0   1   0   0   0   1]
 [  0   0 105   1   0   0   0   3   1   1]
 [  1   0   0  97   0   2   0   0   3   0]
 [  0   8   0   0  82   1   1   0   0   3]
 [  2   0   0   5   0  89   1   0   0   0]
 [  2   5   0   0   0   0  99   0   0   0]
 [  0   3   1   0   1   0   0  89   0   3]
 [  1   3   0   1   1   2   0   1  78   0]
 [  0   1   0   0   3   0   0   8   0 100]]

Classification Report: 

              precision    recall  f1-score   support

           0       0.94      0.95      0.94        97
           1       0.82      0.98      0.89        95
           2       0.99      0.95      0.97       111
           3       0.92      0.94      0.93       103
           4       0.94      0.86      0.90        95
           5       0.92      0.92      0.92        97
           6       0.97      0.93      0.95       106
           7       0.88      0.92      0.90        97
           8       0.95      0.90      0.92        87
           9       0.93      0.89      0.91       112

    accuracy                           0.92      1000
   macro avg       0.93      0.92      0.92      1000
weighted avg       0.93      0.92      0.92      1000

Execution Time: 44.810467004776