Accuracy: 0.925

Confusion Matrix: 

[[ 93   2   0   0   0   2   0   0   0   0]
 [  0  93   0   0   0   1   0   0   0   1]
 [  0   2 102   1   0   0   0   4   1   1]
 [  0   1   0  99   0   1   0   1   1   0]
 [  0   7   0   0  84   0   1   0   0   3]
 [  1   1   0   6   0  88   1   0   0   0]
 [  1   5   0   0   0   0 100   0   0   0]
 [  0   3   1   0   1   0   0  89   0   3]
 [  0   3   0   1   1   2   0   1  78   1]
 [  0   0   0   0   2   0   0  11   0  99]]

Classification Report: 

              precision    recall  f1-score   support

           0       0.98      0.96      0.97        97
           1       0.79      0.98      0.88        95
           2       0.99      0.92      0.95       111
           3       0.93      0.96      0.94       103
           4       0.95      0.88      0.92        95
           5       0.94      0.91      0.92        97
           6       0.98      0.94      0.96       106
           7       0.84      0.92      0.88        97
           8       0.97      0.90      0.93        87
           9       0.92      0.88      0.90       112

    accuracy                           0.93      1000
   macro avg       0.93      0.93      0.93      1000
weighted avg       0.93      0.93      0.93      1000

Execution Time: 15.628078937530518