Accuracy: 0.903

Confusion Matrix: 

[[96  0  0  0  0  1  0  0  0  0]
 [ 0 94  0  0  0  0  0  0  0  1]
 [ 1  6 99  0  1  0  1  2  1  0]
 [ 1  1  0 97  0  1  0  2  1  0]
 [ 0 10  1  0 83  0  0  0  0  1]
 [ 1  0  0  7  0 88  1  0  0  0]
 [ 1  6  0  0  0  0 99  0  0  0]
 [ 0 11  0  0  0  0  0 84  0  2]
 [ 0  6  0  6  0  1  0  2 72  0]
 [ 0  2  0  0  4  0  0 15  0 91]]

Classification Report: 

              precision    recall  f1-score   support

           0       0.96      0.99      0.97        97
           1       0.69      0.99      0.81        95
           2       0.99      0.89      0.94       111
           3       0.88      0.94      0.91       103
           4       0.94      0.87      0.91        95
           5       0.97      0.91      0.94        97
           6       0.98      0.93      0.96       106
           7       0.80      0.87      0.83        97
           8       0.97      0.83      0.89        87
           9       0.96      0.81      0.88       112

    accuracy                           0.90      1000
   macro avg       0.91      0.90      0.90      1000
weighted avg       0.92      0.90      0.91      1000

Execution Time: 719.0061340332031