Accuracy: 0.897

Confusion Matrix: 

[[95  1  0  0  0  1  0  0  0  0]
 [ 0 94  0  1  0  0  0  0  0  0]
 [ 0  8 98  0  1  0  1  3  0  0]
 [ 1  1  0 96  0  1  0  2  2  0]
 [ 0 11  1  0 82  0  1  0  0  0]
 [ 1  0  0  6  0 89  1  0  0  0]
 [ 0  7  0  0  0  0 99  0  0  0]
 [ 0 12  0  0  1  0  0 81  0  3]
 [ 0  5  0  7  1  1  0  4 69  0]
 [ 0  3  0  0  4  0  0 11  0 94]]

Classification Report: 

              precision    recall  f1-score   support

           0       0.98      0.98      0.98        97
           1       0.66      0.99      0.79        95
           2       0.99      0.88      0.93       111
           3       0.87      0.93      0.90       103
           4       0.92      0.86      0.89        95
           5       0.97      0.92      0.94        97
           6       0.97      0.93      0.95       106
           7       0.80      0.84      0.82        97
           8       0.97      0.79      0.87        87
           9       0.97      0.84      0.90       112

    accuracy                           0.90      1000
   macro avg       0.91      0.90      0.90      1000
weighted avg       0.91      0.90      0.90      1000

Execution Time: 170.42483806610107