Accuracy: 0.925

Confusion Matrix: 

[[ 94   1   0   0   0   1   1   0   0   0]
 [  0  93   0   0   0   1   0   0   0   1]
 [  2   1 101   1   0   0   0   3   2   1]
 [  0   1   0  99   0   1   0   1   1   0]
 [  0   9   0   0  82   0   1   0   0   3]
 [  2   0   0   5   0  89   1   0   0   0]
 [  1   5   0   0   0   0 100   0   0   0]
 [  0   4   1   0   0   0   0  88   0   4]
 [  0   4   0   1   0   2   0   1  79   0]
 [  0   1   0   0   2   0   0   9   0 100]]

Classification Report: 

              precision    recall  f1-score   support

           0       0.95      0.97      0.96        97
           1       0.78      0.98      0.87        95
           2       0.99      0.91      0.95       111
           3       0.93      0.96      0.95       103
           4       0.98      0.86      0.92        95
           5       0.95      0.92      0.93        97
           6       0.97      0.94      0.96       106
           7       0.86      0.91      0.88        97
           8       0.96      0.91      0.93        87
           9       0.92      0.89      0.90       112

    accuracy                           0.93      1000
   macro avg       0.93      0.93      0.93      1000
weighted avg       0.93      0.93      0.93      1000

Execution Time: 72.8232581615448