Accuracy: 0.877

Confusion Matrix: 

[[95  1  0  0  0  1  0  0  0  0]
 [ 0 95  0  0  0  0  0  0  0  0]
 [ 1  8 94  1  1  0  2  4  0  0]
 [ 0  0  1 97  0  1  0  3  1  0]
 [ 0 12  0  0 75  0  2  1  0  5]
 [ 1  0  0  7  0 88  1  0  0  0]
 [ 1  9  0  0  1  0 95  0  0  0]
 [ 0 12  0  0  1  0  0 81  0  3]
 [ 0  6  0  4  0  2  0  5 69  1]
 [ 0  3  0  0  5  0  0 16  0 88]]

Classification Report: 

              precision    recall  f1-score   support

           0       0.97      0.98      0.97        97
           1       0.65      1.00      0.79        95
           2       0.99      0.85      0.91       111
           3       0.89      0.94      0.92       103
           4       0.90      0.79      0.84        95
           5       0.96      0.91      0.93        97
           6       0.95      0.90      0.92       106
           7       0.74      0.84      0.78        97
           8       0.99      0.79      0.88        87
           9       0.91      0.79      0.84       112

    accuracy                           0.88      1000
   macro avg       0.89      0.88      0.88      1000
weighted avg       0.90      0.88      0.88      1000

Execution Time: 704.233430147171