Accuracy: 0.874

Confusion Matrix: 

[[95  1  0  0  0  1  0  0  0  0]
 [ 0 95  0  0  0  0  0  0  0  0]
 [ 1 10 90  1  1  0  2  5  1  0]
 [ 0  0  1 97  0  0  0  2  3  0]
 [ 0 11  1  0 79  0  1  0  0  3]
 [ 1  1  0  5  0 89  1  0  0  0]
 [ 0  8  0  0  1  0 97  0  0  0]
 [ 0 12  0  0  1  0  0 79  0  5]
 [ 1  4  0  4  0  1  0  5 71  1]
 [ 0  3  0  0  7  0  0 20  0 82]]

Classification Report: 

              precision    recall  f1-score   support

           0       0.97      0.98      0.97        97
           1       0.66      1.00      0.79        95
           2       0.98      0.81      0.89       111
           3       0.91      0.94      0.92       103
           4       0.89      0.83      0.86        95
           5       0.98      0.92      0.95        97
           6       0.96      0.92      0.94       106
           7       0.71      0.81      0.76        97
           8       0.95      0.82      0.88        87
           9       0.90      0.73      0.81       112

    accuracy                           0.87      1000
   macro avg       0.89      0.88      0.88      1000
weighted avg       0.89      0.87      0.88      1000

Execution Time: 149.2825789451599