Accuracy: 0.877

Confusion Matrix: 

[[94  1  0  0  0  2  0  0  0  0]
 [ 0 94  0  1  0  0  0  0  0  0]
 [ 2  8 92  1  1  0  3  4  0  0]
 [ 0  1  1 98  0  0  0  2  1  0]
 [ 0 11  1  0 79  0  1  1  0  2]
 [ 2  1  0  7  0 86  1  0  0  0]
 [ 1  9  0  0  0  0 96  0  0  0]
 [ 0 11  0  0  1  0  0 81  0  4]
 [ 0  7  0  6  0  3  0  3 67  1]
 [ 0  4  0  0  4  0  0 14  0 90]]

Classification Report: 

              precision    recall  f1-score   support

           0       0.95      0.97      0.96        97
           1       0.64      0.99      0.78        95
           2       0.98      0.83      0.90       111
           3       0.87      0.95      0.91       103
           4       0.93      0.83      0.88        95
           5       0.95      0.89      0.91        97
           6       0.95      0.91      0.93       106
           7       0.77      0.84      0.80        97
           8       0.99      0.77      0.86        87
           9       0.93      0.80      0.86       112

    accuracy                           0.88      1000
   macro avg       0.89      0.88      0.88      1000
weighted avg       0.90      0.88      0.88      1000

Execution Time: 9.337969064712524