Accuracy: 0.878

Confusion Matrix: 

[[95  1  0  0  0  1  0  0  0  0]
 [ 0 94  0  1  0  0  0  0  0  0]
 [ 0  7 95  2  0  0  2  4  0  1]
 [ 0  1  1 97  0  1  0  1  2  0]
 [ 0 11  0  0 78  0  1  1  0  4]
 [ 1  1  0  7  0 87  1  0  0  0]
 [ 1  8  0  0  1  0 96  0  0  0]
 [ 0 12  0  0  2  0  0 78  0  5]
 [ 0  6  0  3  0  3  0  5 69  1]
 [ 0  3  0  0  5  0  0 15  0 89]]

Classification Report: 

              precision    recall  f1-score   support

           0       0.98      0.98      0.98        97
           1       0.65      0.99      0.79        95
           2       0.99      0.86      0.92       111
           3       0.88      0.94      0.91       103
           4       0.91      0.82      0.86        95
           5       0.95      0.90      0.92        97
           6       0.96      0.91      0.93       106
           7       0.75      0.80      0.78        97
           8       0.97      0.79      0.87        87
           9       0.89      0.79      0.84       112

    accuracy                           0.88      1000
   macro avg       0.89      0.88      0.88      1000
weighted avg       0.89      0.88      0.88      1000

Execution Time: 369.0788609981537