Accuracy: 0.907

Confusion Matrix: 

[[95  1  0  0  0  1  0  0  0  0]
 [ 0 95  0  0  0  0  0  0  0  0]
 [ 1  7 98  0  0  0  1  3  0  1]
 [ 0  1  0 99  0  0  0  1  2  0]
 [ 0 11  1  0 83  0  0  0  0  0]
 [ 1  1  0  6  0 88  1  0  0  0]
 [ 0  7  0  0  1  0 98  0  0  0]
 [ 0 10  0  0  0  0  0 84  0  3]
 [ 0  6  0  4  0  1  0  3 73  0]
 [ 0  3  0  0  4  0  0 11  0 94]]

Classification Report: 

              precision    recall  f1-score   support

           0       0.98      0.98      0.98        97
           1       0.67      1.00      0.80        95
           2       0.99      0.88      0.93       111
           3       0.91      0.96      0.93       103
           4       0.94      0.87      0.91        95
           5       0.98      0.91      0.94        97
           6       0.98      0.92      0.95       106
           7       0.82      0.87      0.84        97
           8       0.97      0.84      0.90        87
           9       0.96      0.84      0.90       112

    accuracy                           0.91      1000
   macro avg       0.92      0.91      0.91      1000
weighted avg       0.92      0.91      0.91      1000

Execution Time: 661.7862441539764