Accuracy: 0.879

Confusion Matrix: 

[[95  1  0  0  0  1  0  0  0  0]
 [ 0 94  0  1  0  0  0  0  0  0]
 [ 2  8 92  1  1  0  2  4  1  0]
 [ 0  1  1 97  0  1  0  1  2  0]
 [ 0 12  0  0 77  0  2  1  0  3]
 [ 1  0  0  7  0 88  1  0  0  0]
 [ 2  8  0  0  1  0 95  0  0  0]
 [ 0 12  0  0  1  0  0 81  0  3]
 [ 0  4  0  4  0  2  0  6 70  1]
 [ 0  3  0  0  5  0  0 14  0 90]]

Classification Report: 

              precision    recall  f1-score   support

           0       0.95      0.98      0.96        97
           1       0.66      0.99      0.79        95
           2       0.99      0.83      0.90       111
           3       0.88      0.94      0.91       103
           4       0.91      0.81      0.86        95
           5       0.96      0.91      0.93        97
           6       0.95      0.90      0.92       106
           7       0.76      0.84      0.79        97
           8       0.96      0.80      0.88        87
           9       0.93      0.80      0.86       112

    accuracy                           0.88      1000
   macro avg       0.89      0.88      0.88      1000
weighted avg       0.90      0.88      0.88      1000

Execution Time: 858.1797611713409