Accuracy: 0.893

Confusion Matrix: 

[[95  1  0  0  0  1  0  0  0  0]
 [ 0 95  0  0  0  0  0  0  0  0]
 [ 2  7 96  0  0  0  1  3  1  1]
 [ 0  1  1 98  0  0  0  1  2  0]
 [ 0 11  1  0 82  0  0  0  0  1]
 [ 1  0  0  6  0 89  1  0  0  0]
 [ 1  6  0  0  1  0 98  0  0  0]
 [ 0 12  0  0  2  0  0 81  0  2]
 [ 0  7  0  4  0  1  0  4 71  0]
 [ 0  3  0  0  5  0  0 16  0 88]]

Classification Report: 

              precision    recall  f1-score   support

           0       0.96      0.98      0.97        97
           1       0.66      1.00      0.80        95
           2       0.98      0.86      0.92       111
           3       0.91      0.95      0.93       103
           4       0.91      0.86      0.89        95
           5       0.98      0.92      0.95        97
           6       0.98      0.92      0.95       106
           7       0.77      0.84      0.80        97
           8       0.96      0.82      0.88        87
           9       0.96      0.79      0.86       112

    accuracy                           0.89      1000
   macro avg       0.91      0.89      0.89      1000
weighted avg       0.91      0.89      0.90      1000

Execution Time: 829.4247632026672