Accuracy: 0.914

Confusion Matrix: 

[[ 95   1   0   0   0   1   0   0   0   0]
 [  0  94   0   0   0   0   0   0   0   1]
 [  0   6 100   0   1   0   1   3   0   0]
 [  0   1   0  98   0   0   0   2   2   0]
 [  0  11   1   0  83   0   0   0   0   0]
 [  1   1   0   6   0  88   1   0   0   0]
 [  0   6   0   0   0   0 100   0   0   0]
 [  0   9   0   0   1   0   0  84   0   3]
 [  0   4   0   3   0   1   0   2  77   0]
 [  0   2   0   0   4   0   0  11   0  95]]

Classification Report: 

              precision    recall  f1-score   support

           0       0.99      0.98      0.98        97
           1       0.70      0.99      0.82        95
           2       0.99      0.90      0.94       111
           3       0.92      0.95      0.93       103
           4       0.93      0.87      0.90        95
           5       0.98      0.91      0.94        97
           6       0.98      0.94      0.96       106
           7       0.82      0.87      0.84        97
           8       0.97      0.89      0.93        87
           9       0.96      0.85      0.90       112

    accuracy                           0.91      1000
   macro avg       0.92      0.91      0.92      1000
weighted avg       0.93      0.91      0.92      1000

Execution Time: 217.12479615211487