Accuracy: 0.889

Confusion Matrix: 

[[95  1  0  0  0  1  0  0  0  0]
 [ 0 95  0  0  0  0  0  0  0  0]
 [ 1  6 96  1  0  0  1  5  0  1]
 [ 0  1  1 96  0  0  0  2  3  0]
 [ 0 12  1  0 80  0  1  0  0  1]
 [ 1  0  0  6  0 89  1  0  0  0]
 [ 1  8  0  0  1  0 96  0  0  0]
 [ 0 12  0  0  1  0  0 81  0  3]
 [ 0  5  0  3  0  2  0  5 71  1]
 [ 0  3  0  0  3  0  0 16  0 90]]

Classification Report: 

              precision    recall  f1-score   support

           0       0.97      0.98      0.97        97
           1       0.66      1.00      0.80        95
           2       0.98      0.86      0.92       111
           3       0.91      0.93      0.92       103
           4       0.94      0.84      0.89        95
           5       0.97      0.92      0.94        97
           6       0.97      0.91      0.94       106
           7       0.74      0.84      0.79        97
           8       0.96      0.82      0.88        87
           9       0.94      0.80      0.87       112

    accuracy                           0.89      1000
   macro avg       0.90      0.89      0.89      1000
weighted avg       0.91      0.89      0.89      1000

Execution Time: 603.9217550754547