Accuracy: 0.875

Confusion Matrix: 

[[95  1  0  0  0  1  0  0  0  0]
 [ 0 94  0  1  0  0  0  0  0  0]
 [ 1 10 90  2  1  0  2  4  1  0]
 [ 0  0  1 97  0  0  0  2  3  0]
 [ 0 11  2  0 78  0  0  1  0  3]
 [ 1  1  0  5  0 89  1  0  0  0]
 [ 1  8  0  0  1  0 96  0  0  0]
 [ 0 12  0  0  1  0  0 80  0  4]
 [ 0  6  0  4  0  1  0  4 70  2]
 [ 0  3  0  0  7  0  0 16  0 86]]

Classification Report: 

              precision    recall  f1-score   support

           0       0.97      0.98      0.97        97
           1       0.64      0.99      0.78        95
           2       0.97      0.81      0.88       111
           3       0.89      0.94      0.92       103
           4       0.89      0.82      0.85        95
           5       0.98      0.92      0.95        97
           6       0.97      0.91      0.94       106
           7       0.75      0.82      0.78        97
           8       0.95      0.80      0.87        87
           9       0.91      0.77      0.83       112

    accuracy                           0.88      1000
   macro avg       0.89      0.88      0.88      1000
weighted avg       0.89      0.88      0.88      1000

Execution Time: 112.95519804954529