Accuracy: 0.89

Confusion Matrix: 

[[ 95   1   0   0   0   1   0   0   0   0]
 [  0  94   0   1   0   0   0   0   0   0]
 [  2   7  97   0   0   0   1   3   0   1]
 [  0   1   2  96   0   0   0   1   3   0]
 [  0  12   1   0  80   0   1   0   0   1]
 [  1   0   0   6   0  89   1   0   0   0]
 [  1   5   0   0   0   0 100   0   0   0]
 [  0  10   0   0   1   0   0  82   0   4]
 [  0   8   0   5   0   1   0   3  69   1]
 [  0   2   0   0   5   0   0  17   0  88]]

Classification Report: 

              precision    recall  f1-score   support

           0       0.96      0.98      0.97        97
           1       0.67      0.99      0.80        95
           2       0.97      0.87      0.92       111
           3       0.89      0.93      0.91       103
           4       0.93      0.84      0.88        95
           5       0.98      0.92      0.95        97
           6       0.97      0.94      0.96       106
           7       0.77      0.85      0.81        97
           8       0.96      0.79      0.87        87
           9       0.93      0.79      0.85       112

    accuracy                           0.89      1000
   macro avg       0.90      0.89      0.89      1000
weighted avg       0.90      0.89      0.89      1000

Execution Time: 2230.5231359004974