Accuracy: 0.905

Confusion Matrix: 

[[ 95   1   0   0   0   1   0   0   0   0]
 [  0  94   0   1   0   0   0   0   0   0]
 [  2   6  96   0   1   0   2   4   0   0]
 [  0   1   0  98   0   0   0   1   3   0]
 [  0  11   1   0  80   0   1   0   0   2]
 [  1   1   0   6   0  88   1   0   0   0]
 [  0   4   0   0   0   0 102   0   0   0]
 [  0   9   0   0   1   0   0  83   0   4]
 [  0   6   0   3   0   1   0   2  75   0]
 [  0   2   0   0   5   0   0  11   0  94]]

Classification Report: 

              precision    recall  f1-score   support

           0       0.97      0.98      0.97        97
           1       0.70      0.99      0.82        95
           2       0.99      0.86      0.92       111
           3       0.91      0.95      0.93       103
           4       0.92      0.84      0.88        95
           5       0.98      0.91      0.94        97
           6       0.96      0.96      0.96       106
           7       0.82      0.86      0.84        97
           8       0.96      0.86      0.91        87
           9       0.94      0.84      0.89       112

    accuracy                           0.91      1000
   macro avg       0.91      0.91      0.91      1000
weighted avg       0.92      0.91      0.91      1000

Execution Time: 1032.4464299678802