Accuracy: 0.897

Confusion Matrix: 

[[ 95   1   0   0   0   1   0   0   0   0]
 [  0  94   0   1   0   0   0   0   0   0]
 [  1   7  98   0   1   0   1   3   0   0]
 [  0   1   0  99   0   0   0   2   1   0]
 [  0  12   1   0  81   0   0   0   0   1]
 [  1   0   0   6   0  89   1   0   0   0]
 [  0   5   0   0   1   0 100   0   0   0]
 [  0  12   0   0   1   0   0  80   0   4]
 [  0   8   0   4   0   1   0   3  71   0]
 [  0   3   0   0   7   0   0  12   0  90]]

Classification Report: 

              precision    recall  f1-score   support

           0       0.98      0.98      0.98        97
           1       0.66      0.99      0.79        95
           2       0.99      0.88      0.93       111
           3       0.90      0.96      0.93       103
           4       0.89      0.85      0.87        95
           5       0.98      0.92      0.95        97
           6       0.98      0.94      0.96       106
           7       0.80      0.82      0.81        97
           8       0.99      0.82      0.89        87
           9       0.95      0.80      0.87       112

    accuracy                           0.90      1000
   macro avg       0.91      0.90      0.90      1000
weighted avg       0.91      0.90      0.90      1000

Execution Time: 241.520357131958