Accuracy: 0.908

Confusion Matrix: 

[[ 96   0   0   0   0   1   0   0   0   0]
 [  0  95   0   0   0   0   0   0   0   0]
 [  1   6  99   0   1   0   1   3   0   0]
 [  0   1   0  99   0   0   0   2   1   0]
 [  0  11   1   0  83   0   0   0   0   0]
 [  1   0   0   6   0  89   1   0   0   0]
 [  0   5   0   0   1   0 100   0   0   0]
 [  0  10   0   0   0   0   0  85   0   2]
 [  0   6   0   4   0   1   0   3  73   0]
 [  0   2   0   0   5   0   0  16   0  89]]

Classification Report: 

              precision    recall  f1-score   support

           0       0.98      0.99      0.98        97
           1       0.70      1.00      0.82        95
           2       0.99      0.89      0.94       111
           3       0.91      0.96      0.93       103
           4       0.92      0.87      0.90        95
           5       0.98      0.92      0.95        97
           6       0.98      0.94      0.96       106
           7       0.78      0.88      0.83        97
           8       0.99      0.84      0.91        87
           9       0.98      0.79      0.88       112

    accuracy                           0.91      1000
   macro avg       0.92      0.91      0.91      1000
weighted avg       0.92      0.91      0.91      1000

Execution Time: 654.7094910144806