Accuracy: 0.872

Confusion Matrix: 

[[95  1  0  0  0  1  0  0  0  0]
 [ 0 95  0  0  0  0  0  0  0  0]
 [ 0 10 91  2  1  0  2  4  1  0]
 [ 0  0  1 97  0  0  0  2  3  0]
 [ 0 12  0  0 78  0  1  1  0  3]
 [ 1  0  0  6  0 89  1  0  0  0]
 [ 1  8  0  0  1  0 96  0  0  0]
 [ 0 12  0  0  1  0  0 78  0  6]
 [ 0  6  0  5  0  2  0  4 68  2]
 [ 0  3  0  0  7  0  0 17  0 85]]

Classification Report: 

              precision    recall  f1-score   support

           0       0.98      0.98      0.98        97
           1       0.65      1.00      0.79        95
           2       0.99      0.82      0.90       111
           3       0.88      0.94      0.91       103
           4       0.89      0.82      0.85        95
           5       0.97      0.92      0.94        97
           6       0.96      0.91      0.93       106
           7       0.74      0.80      0.77        97
           8       0.94      0.78      0.86        87
           9       0.89      0.76      0.82       112

    accuracy                           0.87      1000
   macro avg       0.89      0.87      0.87      1000
weighted avg       0.89      0.87      0.87      1000

Execution Time: 77.15875005722046