Accuracy: 0.884

Confusion Matrix: 

[[95  1  0  0  0  1  0  0  0  0]
 [ 0 95  0  0  0  0  0  0  0  0]
 [ 2  7 95  0  1  0  2  4  0  0]
 [ 0  1  1 98  0  0  0  1  2  0]
 [ 0 12  0  0 79  0  1  1  0  2]
 [ 1  0  0  7  0 88  1  0  0  0]
 [ 1  9  0  0  0  0 96  0  0  0]
 [ 0  9  0  0  2  0  0 81  0  5]
 [ 0  7  0  4  0  2  0  4 69  1]
 [ 0  2  0  0  5  0  0 17  0 88]]

Classification Report: 

              precision    recall  f1-score   support

           0       0.96      0.98      0.97        97
           1       0.66      1.00      0.80        95
           2       0.99      0.86      0.92       111
           3       0.90      0.95      0.92       103
           4       0.91      0.83      0.87        95
           5       0.97      0.91      0.94        97
           6       0.96      0.91      0.93       106
           7       0.75      0.84      0.79        97
           8       0.97      0.79      0.87        87
           9       0.92      0.79      0.85       112

    accuracy                           0.88      1000
   macro avg       0.90      0.88      0.89      1000
weighted avg       0.90      0.88      0.89      1000

Execution Time: 2336.561196088791