Accuracy: 0.915

Confusion Matrix: 

[[ 95   1   0   0   0   1   0   0   0   0]
 [  0  94   0   0   0   0   0   0   0   1]
 [  0   5 101   0   1   0   1   3   0   0]
 [  0   1   0  97   0   1   0   2   2   0]
 [  0  10   1   0  83   0   0   0   0   1]
 [  1   0   0   6   0  89   1   0   0   0]
 [  0   6   0   0   0   0 100   0   0   0]
 [  0   9   0   0   0   0   0  85   0   3]
 [  0   5   0   3   0   1   0   2  75   1]
 [  0   2   0   0   3   0   0  11   0  96]]

Classification Report: 

              precision    recall  f1-score   support

           0       0.99      0.98      0.98        97
           1       0.71      0.99      0.82        95
           2       0.99      0.91      0.95       111
           3       0.92      0.94      0.93       103
           4       0.95      0.87      0.91        95
           5       0.97      0.92      0.94        97
           6       0.98      0.94      0.96       106
           7       0.83      0.88      0.85        97
           8       0.97      0.86      0.91        87
           9       0.94      0.86      0.90       112

    accuracy                           0.92      1000
   macro avg       0.92      0.92      0.92      1000
weighted avg       0.93      0.92      0.92      1000

Execution Time: 566.6041071414948