Accuracy: 0.909

Confusion Matrix: 

[[ 95   0   0   0   0   1   1   0   0   0]
 [  0  94   0   0   0   0   0   0   0   1]
 [  0   3 101   1   1   0   0   3   2   0]
 [  0   1   0  97   0   1   1   0   3   0]
 [  0  10   0   0  80   0   1   0   0   4]
 [  2   0   0   7   0  85   1   0   1   1]
 [  1   6   0   0   0   0  99   0   0   0]
 [  0   3   0   0   2   0   0  87   0   5]
 [  0   1   0   1   1   4   0   3  75   2]
 [  0   1   0   0   3   0   0  12   0  96]]

Classification Report: 

              precision    recall  f1-score   support

           0       0.97      0.98      0.97        97
           1       0.79      0.99      0.88        95
           2       1.00      0.91      0.95       111
           3       0.92      0.94      0.93       103
           4       0.92      0.84      0.88        95
           5       0.93      0.88      0.90        97
           6       0.96      0.93      0.95       106
           7       0.83      0.90      0.86        97
           8       0.93      0.86      0.89        87
           9       0.88      0.86      0.87       112

    accuracy                           0.91      1000
   macro avg       0.91      0.91      0.91      1000
weighted avg       0.91      0.91      0.91      1000

Execution Time: 1.2962570190429688