Accuracy: 0.916

Confusion Matrix: 

[[ 96   0   0   0   0   1   0   0   0   0]
 [  0  94   0   0   0   0   0   0   0   1]
 [  0   6 100   0   1   0   1   2   1   0]
 [  0   1   0  98   0   1   0   1   2   0]
 [  0  10   1   0  81   0   1   0   0   2]
 [  1   1   0   5   0  89   1   0   0   0]
 [  3   5   0   0   0   0  98   0   0   0]
 [  0   7   0   0   0   0   0  86   0   4]
 [  1   3   0   2   0   1   0   1  78   1]
 [  0   1   0   0   5   0   0   9   1  96]]

Classification Report: 

              precision    recall  f1-score   support

           0       0.95      0.99      0.97        97
           1       0.73      0.99      0.84        95
           2       0.99      0.90      0.94       111
           3       0.93      0.95      0.94       103
           4       0.93      0.85      0.89        95
           5       0.97      0.92      0.94        97
           6       0.97      0.92      0.95       106
           7       0.87      0.89      0.88        97
           8       0.95      0.90      0.92        87
           9       0.92      0.86      0.89       112

    accuracy                           0.92      1000
   macro avg       0.92      0.92      0.92      1000
weighted avg       0.92      0.92      0.92      1000

Execution Time: 291.31258606910706