Accuracy: 0.901

Confusion Matrix: 

[[95  1  0  0  0  1  0  0  0  0]
 [ 0 94  0  1  0  0  0  0  0  0]
 [ 1  7 96  0  1  0  2  4  0  0]
 [ 0  1  0 98  0  0  0  2  2  0]
 [ 0 11  1  0 81  0  0  0  0  2]
 [ 1  1  0  6  0 88  1  0  0  0]
 [ 0  6  0  0  1  0 99  0  0  0]
 [ 0 10  0  0  1  0  0 82  0  4]
 [ 0  7  0  4  0  1  0  2 73  0]
 [ 0  2  0  0  4  0  0 11  0 95]]

Classification Report: 

              precision    recall  f1-score   support

           0       0.98      0.98      0.98        97
           1       0.67      0.99      0.80        95
           2       0.99      0.86      0.92       111
           3       0.90      0.95      0.92       103
           4       0.92      0.85      0.89        95
           5       0.98      0.91      0.94        97
           6       0.97      0.93      0.95       106
           7       0.81      0.85      0.83        97
           8       0.97      0.84      0.90        87
           9       0.94      0.85      0.89       112

    accuracy                           0.90      1000
   macro avg       0.91      0.90      0.90      1000
weighted avg       0.92      0.90      0.90      1000

Execution Time: 497.5066201686859