Accuracy: 0.913

Confusion Matrix: 

[[ 95   1   0   0   0   1   0   0   0   0]
 [  0  94   0   0   0   0   0   0   0   1]
 [  0   6 100   0   1   0   1   3   0   0]
 [  1   1   0  96   0   1   0   2   2   0]
 [  0  11   1   0  83   0   0   0   0   0]
 [  1   1   0   5   0  89   1   0   0   0]
 [  0   6   0   0   0   0 100   0   0   0]
 [  0   9   0   0   1   0   0  84   0   3]
 [  0   4   0   4   0   1   0   4  74   0]
 [  0   1   0   0   4   0   0   9   0  98]]

Classification Report: 

              precision    recall  f1-score   support

           0       0.98      0.98      0.98        97
           1       0.70      0.99      0.82        95
           2       0.99      0.90      0.94       111
           3       0.91      0.93      0.92       103
           4       0.93      0.87      0.90        95
           5       0.97      0.92      0.94        97
           6       0.98      0.94      0.96       106
           7       0.82      0.87      0.84        97
           8       0.97      0.85      0.91        87
           9       0.96      0.88      0.92       112

    accuracy                           0.91      1000
   macro avg       0.92      0.91      0.91      1000
weighted avg       0.92      0.91      0.92      1000

Execution Time: 47.720227003097534