Accuracy: 0.908

Confusion Matrix: 

[[ 95   1   0   0   0   1   0   0   0   0]
 [  0  95   0   0   0   0   0   0   0   0]
 [  0   6  98   0   1   0   2   4   0   0]
 [  0   1   0  98   0   0   0   1   3   0]
 [  0  11   1   0  80   0   1   0   0   2]
 [  1   0   0   5   0  90   1   0   0   0]
 [  0   6   0   0   0   0 100   0   0   0]
 [  0  10   0   0   1   0   0  82   0   4]
 [  0   3   0   5   0   1   0   3  74   1]
 [  0   2   0   0   4   0   0  10   0  96]]

Classification Report: 

              precision    recall  f1-score   support

           0       0.99      0.98      0.98        97
           1       0.70      1.00      0.83        95
           2       0.99      0.88      0.93       111
           3       0.91      0.95      0.93       103
           4       0.93      0.84      0.88        95
           5       0.98      0.93      0.95        97
           6       0.96      0.94      0.95       106
           7       0.82      0.85      0.83        97
           8       0.96      0.85      0.90        87
           9       0.93      0.86      0.89       112

    accuracy                           0.91      1000
   macro avg       0.92      0.91      0.91      1000
weighted avg       0.92      0.91      0.91      1000

Execution Time: 94.82227826118469