Accuracy: 0.883

Confusion Matrix: 

[[95  1  0  0  0  1  0  0  0  0]
 [ 0 94  0  1  0  0  0  0  0  0]
 [ 0  6 96  2  0  0  2  4  0  1]
 [ 0  1  1 98  0  0  0  1  2  0]
 [ 0 12  0  0 79  0  1  1  0  2]
 [ 1  1  0  7  0 87  1  0  0  0]
 [ 2  8  0  0  1  0 95  0  0  0]
 [ 0 12  0  0  1  0  0 80  0  4]
 [ 0  5  0  4  0  2  0  3 72  1]
 [ 0  3  0  0  5  0  0 17  0 87]]

Classification Report: 

              precision    recall  f1-score   support

           0       0.97      0.98      0.97        97
           1       0.66      0.99      0.79        95
           2       0.99      0.86      0.92       111
           3       0.88      0.95      0.91       103
           4       0.92      0.83      0.87        95
           5       0.97      0.90      0.93        97
           6       0.96      0.90      0.93       106
           7       0.75      0.82      0.79        97
           8       0.97      0.83      0.89        87
           9       0.92      0.78      0.84       112

    accuracy                           0.88      1000
   macro avg       0.90      0.88      0.89      1000
weighted avg       0.90      0.88      0.89      1000

Execution Time: 361.3925151824951