Accuracy: 0.89

Confusion Matrix: 

[[95  1  0  0  0  1  0  0  0  0]
 [ 0 95  0  0  0  0  0  0  0  0]
 [ 1  7 95  0  0  0  2  4  1  1]
 [ 0  1  1 98  0  0  0  1  2  0]
 [ 0 12  0  0 78  0  2  1  0  2]
 [ 1  0  0  6  0 89  1  0  0  0]
 [ 0  8  0  0  1  0 97  0  0  0]
 [ 0 10  0  0  1  0  0 82  0  4]
 [ 0  4  0  4  0  2  0  5 71  1]
 [ 0  3  0  0  4  0  0 15  0 90]]

Classification Report: 

              precision    recall  f1-score   support

           0       0.98      0.98      0.98        97
           1       0.67      1.00      0.81        95
           2       0.99      0.86      0.92       111
           3       0.91      0.95      0.93       103
           4       0.93      0.82      0.87        95
           5       0.97      0.92      0.94        97
           6       0.95      0.92      0.93       106
           7       0.76      0.85      0.80        97
           8       0.96      0.82      0.88        87
           9       0.92      0.80      0.86       112

    accuracy                           0.89      1000
   macro avg       0.90      0.89      0.89      1000
weighted avg       0.91      0.89      0.89      1000

Execution Time: 771.41654920578