Accuracy: 0.901

Confusion Matrix: 

[[96  0  0  0  0  1  0  0  0  0]
 [ 0 94  0  0  0  0  0  0  0  1]
 [ 0  7 99  0  1  0  1  3  0  0]
 [ 1  1  1 98  0  0  0  1  1  0]
 [ 0 10  1  0 83  0  0  0  0  1]
 [ 1  1  0  7  0 87  1  0  0  0]
 [ 2  6  0  0  0  0 98  0  0  0]
 [ 0  9  0  0  1  0  0 85  0  2]
 [ 1  5  0  6  1  2  0  1 70  1]
 [ 0  2  0  0  3  0  0 16  0 91]]

Classification Report: 

              precision    recall  f1-score   support

           0       0.95      0.99      0.97        97
           1       0.70      0.99      0.82        95
           2       0.98      0.89      0.93       111
           3       0.88      0.95      0.92       103
           4       0.93      0.87      0.90        95
           5       0.97      0.90      0.93        97
           6       0.98      0.92      0.95       106
           7       0.80      0.88      0.84        97
           8       0.99      0.80      0.89        87
           9       0.95      0.81      0.88       112

    accuracy                           0.90      1000
   macro avg       0.91      0.90      0.90      1000
weighted avg       0.91      0.90      0.90      1000


F1Score:0.9028567497442157
Execution Time: 485.7483367919922