Accuracy: 0.896

Confusion Matrix: 

[[95  1  0  0  0  1  0  0  0  0]
 [ 0 94  0  1  0  0  0  0  0  0]
 [ 1  7 96  0  0  0  2  4  0  1]
 [ 0  1  1 97  0  0  0  1  3  0]
 [ 0 11  1  0 80  0  1  0  0  2]
 [ 1  1  0  6  0 88  1  0  0  0]
 [ 1  7  0  0  0  0 98  0  0  0]
 [ 0  9  0  0  1  0  0 82  0  5]
 [ 0  5  0  4  0  1  0  2 74  1]
 [ 0  3  0  0  4  0  0 13  0 92]]

Classification Report: 

              precision    recall  f1-score   support

           0       0.97      0.98      0.97        97
           1       0.68      0.99      0.80        95
           2       0.98      0.86      0.92       111
           3       0.90      0.94      0.92       103
           4       0.94      0.84      0.89        95
           5       0.98      0.91      0.94        97
           6       0.96      0.92      0.94       106
           7       0.80      0.85      0.82        97
           8       0.96      0.85      0.90        87
           9       0.91      0.82      0.86       112

    accuracy                           0.90      1000
   macro avg       0.91      0.90      0.90      1000
weighted avg       0.91      0.90      0.90      1000


F1Score:0.8983365653040358
Execution Time: 769.3268458843231