Accuracy: 0.891

Confusion Matrix: 

[[95  1  0  0  0  1  0  0  0  0]
 [ 0 95  0  0  0  0  0  0  0  0]
 [ 1  6 96  1  0  0  2  4  1  0]
 [ 0  1  0 98  0  0  0  2  2  0]
 [ 0 11  1  0 80  0  1  0  0  2]
 [ 1  1  0  7  0 87  1  0  0  0]
 [ 1  8  0  0  1  0 96  0  0  0]
 [ 0 12  0  0  1  0  0 82  0  2]
 [ 0  3  0  1  0  2  0  5 75  1]
 [ 0  3  0  0  5  0  0 17  0 87]]

Classification Report: 

              precision    recall  f1-score   support

           0       0.97      0.98      0.97        97
           1       0.67      1.00      0.81        95
           2       0.99      0.86      0.92       111
           3       0.92      0.95      0.93       103
           4       0.92      0.84      0.88        95
           5       0.97      0.90      0.93        97
           6       0.96      0.91      0.93       106
           7       0.75      0.85      0.79        97
           8       0.96      0.86      0.91        87
           9       0.95      0.78      0.85       112

    accuracy                           0.89      1000
   macro avg       0.90      0.89      0.89      1000
weighted avg       0.91      0.89      0.89      1000


F1Score:0.893630590069975
Execution Time: 193.91538095474243