Accuracy: 0.908

Confusion Matrix: 

[[ 96   0   0   0   0   1   0   0   0   0]
 [  0  94   0   0   0   0   0   0   0   1]
 [  0   8  98   0   1   0   1   3   0   0]
 [  1   1   0  98   0   0   0   1   2   0]
 [  0  10   1   0  82   0   1   0   0   1]
 [  1   0   0   7   0  88   1   0   0   0]
 [  1   5   0   0   0   0 100   0   0   0]
 [  0   9   0   0   0   0   0  87   0   1]
 [  0   6   0   6   0   1   0   3  70   1]
 [  0   2   0   0   4   0   0  11   0  95]]

Classification Report: 

              precision    recall  f1-score   support

           0       0.97      0.99      0.98        97
           1       0.70      0.99      0.82        95
           2       0.99      0.88      0.93       111
           3       0.88      0.95      0.92       103
           4       0.94      0.86      0.90        95
           5       0.98      0.91      0.94        97
           6       0.97      0.94      0.96       106
           7       0.83      0.90      0.86        97
           8       0.97      0.80      0.88        87
           9       0.96      0.85      0.90       112

    accuracy                           0.91      1000
   macro avg       0.92      0.91      0.91      1000
weighted avg       0.92      0.91      0.91      1000


F1Score:0.9099542602236292
Execution Time: 734.4207007884979