Accuracy: 0.888

Confusion Matrix: 

[[95  1  0  0  0  1  0  0  0  0]
 [ 0 95  0  0  0  0  0  0  0  0]
 [ 0  7 97  1  0  0  2  3  0  1]
 [ 0  1  0 98  0  0  0  1  3  0]
 [ 0 11  1  0 80  0  1  1  0  1]
 [ 1  0  0  6  0 89  1  0  0  0]
 [ 1  9  0  0  0  0 96  0  0  0]
 [ 0 11  0  0  1  0  0 79  0  6]
 [ 0  6  0  3  0  1  0  4 72  1]
 [ 0  3  0  0  6  0  0 16  0 87]]

Classification Report: 

              precision    recall  f1-score   support

           0       0.98      0.98      0.98        97
           1       0.66      1.00      0.79        95
           2       0.99      0.87      0.93       111
           3       0.91      0.95      0.93       103
           4       0.92      0.84      0.88        95
           5       0.98      0.92      0.95        97
           6       0.96      0.91      0.93       106
           7       0.76      0.81      0.79        97
           8       0.96      0.83      0.89        87
           9       0.91      0.78      0.84       112

    accuracy                           0.89      1000
   macro avg       0.90      0.89      0.89      1000
weighted avg       0.90      0.89      0.89      1000


F1Score:0.8906616532915504
Execution Time: 2703.3953988552094