Accuracy: 0.883

Confusion Matrix: 

[[95  1  0  0  0  1  0  0  0  0]
 [ 0 94  0  1  0  0  0  0  0  0]
 [ 1  9 91  2  1  0  2  4  1  0]
 [ 0  1  1 98  0  0  0  2  1  0]
 [ 0 12  0  0 79  0  0  1  0  3]
 [ 1  1  0  7  0 87  1  0  0  0]
 [ 0  9  0  0  0  0 97  0  0  0]
 [ 0 10  0  0  1  0  0 81  0  5]
 [ 0  5  0  2  0  2  0  4 73  1]
 [ 0  2  0  0  5  0  0 17  0 88]]

Classification Report: 

              precision    recall  f1-score   support

           0       0.98      0.98      0.98        97
           1       0.65      0.99      0.79        95
           2       0.99      0.82      0.90       111
           3       0.89      0.95      0.92       103
           4       0.92      0.83      0.87        95
           5       0.97      0.90      0.93        97
           6       0.97      0.92      0.94       106
           7       0.74      0.84      0.79        97
           8       0.97      0.84      0.90        87
           9       0.91      0.79      0.84       112

    accuracy                           0.88      1000
   macro avg       0.90      0.88      0.89      1000
weighted avg       0.90      0.88      0.89      1000


F1Score:0.8860394718602735
Execution Time: 448.65365195274353