Accuracy: 0.925

Confusion Matrix: 

[[ 95   1   0   0   0   1   0   0   0   0]
 [  0  93   0   0   0   1   0   1   0   0]
 [  1   2 101   1   0   0   0   5   0   1]
 [  0   1   0  99   0   1   0   0   2   0]
 [  0   8   0   0  83   0   1   0   0   3]
 [  1   1   0   6   0  88   1   0   0   0]
 [  2   5   0   0   0   0  99   0   0   0]
 [  0   3   1   0   1   0   0  87   0   5]
 [  0   2   0   0   1   3   0   1  80   0]
 [  0   1   0   0   1   0   0  10   0 100]]

Classification Report: 

              precision    recall  f1-score   support

           0       0.96      0.98      0.97        97
           1       0.79      0.98      0.88        95
           2       0.99      0.91      0.95       111
           3       0.93      0.96      0.95       103
           4       0.97      0.87      0.92        95
           5       0.94      0.91      0.92        97
           6       0.98      0.93      0.96       106
           7       0.84      0.90      0.87        97
           8       0.98      0.92      0.95        87
           9       0.92      0.89      0.90       112

    accuracy                           0.93      1000
   macro avg       0.93      0.93      0.93      1000
weighted avg       0.93      0.93      0.93      1000


F1Score:0.9258212761972107
Execution Time: 293.4055459499359