Accuracy: 0.88

Confusion Matrix: 

[[95  1  0  0  0  1  0  0  0  0]
 [ 0 94  0  1  0  0  0  0  0  0]
 [ 1  8 93  2  1  0  2  4  0  0]
 [ 0  1  1 96  0  1  0  1  3  0]
 [ 0 12  0  0 76  0  1  1  0  5]
 [ 1  1  0  7  0 87  1  0  0  0]
 [ 0  9  0  0  0  0 97  0  0  0]
 [ 0 11  0  0  1  0  0 81  0  4]
 [ 0  6  0  3  0  2  0  4 71  1]
 [ 0  2  0  0  5  0  0 15  0 90]]

Classification Report: 

              precision    recall  f1-score   support

           0       0.98      0.98      0.98        97
           1       0.65      0.99      0.78        95
           2       0.99      0.84      0.91       111
           3       0.88      0.93      0.91       103
           4       0.92      0.80      0.85        95
           5       0.96      0.90      0.93        97
           6       0.96      0.92      0.94       106
           7       0.76      0.84      0.80        97
           8       0.96      0.82      0.88        87
           9       0.90      0.80      0.85       112

    accuracy                           0.88      1000
   macro avg       0.90      0.88      0.88      1000
weighted avg       0.90      0.88      0.88      1000


F1Score:0.8828911929482971
Execution Time: 3516.824240922928