Accuracy: 0.905

Confusion Matrix: 

[[ 95   1   0   0   0   1   0   0   0   0]
 [  0  94   0   1   0   0   0   0   0   0]
 [  2   7  98   0   1   0   0   2   1   0]
 [  0   1   1  93   1   3   0   1   3   0]
 [  0  10   1   0  81   0   0   0   0   3]
 [  1   1   0   5   0  89   0   0   1   0]
 [  0   5   0   0   0   0 101   0   0   0]
 [  1   7   0   0   0   0   0  84   0   5]
 [  1   3   0   3   1   1   0   2  75   1]
 [  0   1   1   0   4   0   0  11   0  95]]

Classification Report: 

              precision    recall  f1-score   support

           0       0.95      0.98      0.96        97
           1       0.72      0.99      0.84        95
           2       0.97      0.88      0.92       111
           3       0.91      0.90      0.91       103
           4       0.92      0.85      0.89        95
           5       0.95      0.92      0.93        97
           6       1.00      0.95      0.98       106
           7       0.84      0.87      0.85        97
           8       0.94      0.86      0.90        87
           9       0.91      0.85      0.88       112

    accuracy                           0.91      1000
   macro avg       0.91      0.91      0.91      1000
weighted avg       0.91      0.91      0.91      1000


F1Score:0.9063263005337628
Execution Time: 11.362957000732422