Accuracy: 0.919

Confusion Matrix: 

[[ 94   1   0   0   0   1   1   0   0   0]
 [  0  93   0   0   0   1   0   0   0   1]
 [  0   3 101   2   0   0   0   3   1   1]
 [  0   1   0  98   0   1   0   0   3   0]
 [  0   9   0   0  82   1   1   0   0   2]
 [  2   0   0   6   0  88   1   0   0   0]
 [  2   5   0   0   0   0  99   0   0   0]
 [  0   3   1   0   1   0   0  88   0   4]
 [  0   4   0   1   0   3   0   2  77   0]
 [  0   1   0   0   3   0   0   9   0  99]]

Classification Report: 

              precision    recall  f1-score   support

           0       0.96      0.97      0.96        97
           1       0.78      0.98      0.87        95
           2       0.99      0.91      0.95       111
           3       0.92      0.95      0.93       103
           4       0.95      0.86      0.91        95
           5       0.93      0.91      0.92        97
           6       0.97      0.93      0.95       106
           7       0.86      0.91      0.88        97
           8       0.95      0.89      0.92        87
           9       0.93      0.88      0.90       112

    accuracy                           0.92      1000
   macro avg       0.92      0.92      0.92      1000
weighted avg       0.92      0.92      0.92      1000


F1Score:0.9198020137797447
Execution Time: 121.63876986503601