Accuracy: 0.905

Confusion Matrix: 

[[ 95   1   0   0   0   1   0   0   0   0]
 [  0  95   0   0   0   0   0   0   0   0]
 [  0   6 100   1   0   0   1   2   0   1]
 [  0   1   0  98   0   1   0   1   2   0]
 [  0  10   2   0  82   0   0   0   0   1]
 [  1   0   0   8   0  87   1   0   0   0]
 [  1   8   0   0   1   0  96   0   0   0]
 [  0   9   0   0   1   0   0  84   0   3]
 [  0   6   0   2   0   1   0   3  74   1]
 [  0   3   0   0   4   0   0  11   0  94]]

Classification Report: 

              precision    recall  f1-score   support

           0       0.98      0.98      0.98        97
           1       0.68      1.00      0.81        95
           2       0.98      0.90      0.94       111
           3       0.90      0.95      0.92       103
           4       0.93      0.86      0.90        95
           5       0.97      0.90      0.93        97
           6       0.98      0.91      0.94       106
           7       0.83      0.87      0.85        97
           8       0.97      0.85      0.91        87
           9       0.94      0.84      0.89       112

    accuracy                           0.91      1000
   macro avg       0.92      0.91      0.91      1000
weighted avg       0.92      0.91      0.91      1000


F1Score:0.9073641717906437
Execution Time: 135.25642585754395