Accuracy: 0.89

Confusion Matrix: 

[[95  1  0  0  0  1  0  0  0  0]
 [ 0 94  0  1  0  0  0  0  0  0]
 [ 2  7 96  0  1  0  1  4  0  0]
 [ 0  0  2 97  0  0  0  3  1  0]
 [ 0 12  0  0 81  0  1  0  0  1]
 [ 1  1  0  6  0 88  1  0  0  0]
 [ 1  6  0  0  0  0 99  0  0  0]
 [ 0 10  0  0  1  0  0 82  0  4]
 [ 0  6  0  4  0  2  0  2 71  2]
 [ 0  2  0  0  6  0  0 17  0 87]]

Classification Report: 

              precision    recall  f1-score   support

           0       0.96      0.98      0.97        97
           1       0.68      0.99      0.80        95
           2       0.98      0.86      0.92       111
           3       0.90      0.94      0.92       103
           4       0.91      0.85      0.88        95
           5       0.97      0.91      0.94        97
           6       0.97      0.93      0.95       106
           7       0.76      0.85      0.80        97
           8       0.99      0.82      0.89        87
           9       0.93      0.78      0.84       112

    accuracy                           0.89      1000
   macro avg       0.90      0.89      0.89      1000
weighted avg       0.90      0.89      0.89      1000


F1Score:0.892281828331751
Execution Time: 248.16883087158203