Accuracy: 0.908

Confusion Matrix: 

[[ 95   1   0   0   0   1   0   0   0   0]
 [  0  93   0   0   0   1   0   0   0   1]
 [  2   2 100   1   0   0   1   4   1   0]
 [  1   2   2  92   0   1   0   1   4   0]
 [  0   9   0   0  82   0   1   1   0   2]
 [  0   0   0   6   0  88   0   0   3   0]
 [  0   6   0   0   0   0 100   0   0   0]
 [  0   2   1   0   1   0   0  89   0   4]
 [  1   4   0   2   1   2   0   2  74   1]
 [  0   0   0   0   5   0   0  12   0  95]]

Classification Report: 

              precision    recall  f1-score   support

           0       0.96      0.98      0.97        97
           1       0.78      0.98      0.87        95
           2       0.97      0.90      0.93       111
           3       0.91      0.89      0.90       103
           4       0.92      0.86      0.89        95
           5       0.95      0.91      0.93        97
           6       0.98      0.94      0.96       106
           7       0.82      0.92      0.86        97
           8       0.90      0.85      0.88        87
           9       0.92      0.85      0.88       112

    accuracy                           0.91      1000
   macro avg       0.91      0.91      0.91      1000
weighted avg       0.91      0.91      0.91      1000


F1Score:0.9086722330687227
Execution Time: 10.491109132766724