Accuracy: 0.892

Confusion Matrix: 

[[95  1  0  0  0  1  0  0  0  0]
 [ 0 94  0  1  0  0  0  0  0  0]
 [ 2  6 98  0  1  0  1  3  0  0]
 [ 0  1  1 97  0  0  0  1  3  0]
 [ 0 12  1  0 80  0  0  0  0  2]
 [ 1  0  0  6  0 89  1  0  0  0]
 [ 1  6  0  0  1  0 98  0  0  0]
 [ 0 10  0  0  1  0  0 82  0  4]
 [ 0  8  0  4  0  1  0  4 69  1]
 [ 0  2  0  0  5  0  0 15  0 90]]

Classification Report: 

              precision    recall  f1-score   support

           0       0.96      0.98      0.97        97
           1       0.67      0.99      0.80        95
           2       0.98      0.88      0.93       111
           3       0.90      0.94      0.92       103
           4       0.91      0.84      0.87        95
           5       0.98      0.92      0.95        97
           6       0.98      0.92      0.95       106
           7       0.78      0.85      0.81        97
           8       0.96      0.79      0.87        87
           9       0.93      0.80      0.86       112

    accuracy                           0.89      1000
   macro avg       0.90      0.89      0.89      1000
weighted avg       0.91      0.89      0.89      1000


F1Score:0.894317181892083
Execution Time: 3355.2994480133057