Accuracy: 0.901

Confusion Matrix: 

[[ 95   1   0   0   0   1   0   0   0   0]
 [  0  94   0   1   0   0   0   0   0   0]
 [  2   9  94   1   0   0   0   4   1   0]
 [  0   1   1  97   0   0   0   1   3   0]
 [  0   9   0   0  83   0   1   0   0   2]
 [  0   1   0   8   0  87   1   0   0   0]
 [  1   4   0   0   0   0 101   0   0   0]
 [  0   9   0   0   1   0   0  83   0   4]
 [  0   4   0   2   0   1   0   3  74   3]
 [  0   3   0   0   4   0   0  12   0  93]]

Classification Report: 

              precision    recall  f1-score   support

           0       0.97      0.98      0.97        97
           1       0.70      0.99      0.82        95
           2       0.99      0.85      0.91       111
           3       0.89      0.94      0.92       103
           4       0.94      0.87      0.91        95
           5       0.98      0.90      0.94        97
           6       0.98      0.95      0.97       106
           7       0.81      0.86      0.83        97
           8       0.95      0.85      0.90        87
           9       0.91      0.83      0.87       112

    accuracy                           0.90      1000
   macro avg       0.91      0.90      0.90      1000
weighted avg       0.91      0.90      0.90      1000


F1Score:0.9029793999470688
Execution Time: 23.055327892303467