Accuracy: 0.883

Confusion Matrix: 

[[95  1  0  0  0  1  0  0  0  0]
 [ 0 95  0  0  0  0  0  0  0  0]
 [ 2  9 91  1  0  0  3  4  1  0]
 [ 0  2  1 99  0  0  0  1  0  0]
 [ 0 13  0  0 78  0  1  0  0  3]
 [ 0  1  0  9  0 86  1  0  0  0]
 [ 1  6  0  0  0  0 99  0  0  0]
 [ 0  9  0  0  2  0  0 84  0  2]
 [ 0  6  0  5  1  4  0  2 66  3]
 [ 0  3  0  0  6  0  0 13  0 90]]

Classification Report: 

              precision    recall  f1-score   support

           0       0.97      0.98      0.97        97
           1       0.66      1.00      0.79        95
           2       0.99      0.82      0.90       111
           3       0.87      0.96      0.91       103
           4       0.90      0.82      0.86        95
           5       0.95      0.89      0.91        97
           6       0.95      0.93      0.94       106
           7       0.81      0.87      0.84        97
           8       0.99      0.76      0.86        87
           9       0.92      0.80      0.86       112

    accuracy                           0.88      1000
   macro avg       0.90      0.88      0.88      1000
weighted avg       0.90      0.88      0.88      1000


F1Score:0.8849821269053333
Execution Time: 37.874581813812256