Accuracy: 0.915

Confusion Matrix: 

[[ 95   1   0   0   0   1   0   0   0   0]
 [  0  94   0   0   0   0   0   0   0   1]
 [  0   6  99   1   1   0   1   3   0   0]
 [  0   1   0 100   0   0   0   1   1   0]
 [  0  10   1   0  84   0   0   0   0   0]
 [  1   1   0   6   0  88   1   0   0   0]
 [  0   5   0   0   0   0 101   0   0   0]
 [  0   8   0   0   1   0   0  85   0   3]
 [  0   5   0   4   0   2   0   2  74   0]
 [  0   2   0   0   5   0   0  10   0  95]]

Classification Report: 

              precision    recall  f1-score   support

           0       0.99      0.98      0.98        97
           1       0.71      0.99      0.82        95
           2       0.99      0.89      0.94       111
           3       0.90      0.97      0.93       103
           4       0.92      0.88      0.90        95
           5       0.97      0.91      0.94        97
           6       0.98      0.95      0.97       106
           7       0.84      0.88      0.86        97
           8       0.99      0.85      0.91        87
           9       0.96      0.85      0.90       112

    accuracy                           0.92      1000
   macro avg       0.92      0.92      0.92      1000
weighted avg       0.93      0.92      0.92      1000


F1Score:0.9169304943461384
Execution Time: 2847.6202087402344