Accuracy: 0.895

Confusion Matrix: 

[[95  1  0  0  0  1  0  0  0  0]
 [ 0 95  0  0  0  0  0  0  0  0]
 [ 1  6 97  0  0  0  2  4  0  1]
 [ 0  1  0 97  0  1  0  2  2  0]
 [ 0 10  0  0 81  0  1  0  0  3]
 [ 1  1  0  7  0 87  1  0  0  0]
 [ 1  8  0  0  1  0 96  0  0  0]
 [ 0 10  0  0  1  0  0 82  0  4]
 [ 0  5  0  2  0  1  0  4 74  1]
 [ 0  2  0  0  5  0  0 13  1 91]]

Classification Report: 

              precision    recall  f1-score   support

           0       0.97      0.98      0.97        97
           1       0.68      1.00      0.81        95
           2       1.00      0.87      0.93       111
           3       0.92      0.94      0.93       103
           4       0.92      0.85      0.89        95
           5       0.97      0.90      0.93        97
           6       0.96      0.91      0.93       106
           7       0.78      0.85      0.81        97
           8       0.96      0.85      0.90        87
           9       0.91      0.81      0.86       112

    accuracy                           0.90      1000
   macro avg       0.91      0.90      0.90      1000
weighted avg       0.91      0.90      0.90      1000


F1Score:0.8973528497240844
Execution Time: 72.50059580802917