Accuracy: 0.912

Confusion Matrix: 

[[ 95   1   0   0   0   1   0   0   0   0]
 [  0  94   0   1   0   0   0   0   0   0]
 [  0   6 100   0   2   0   1   2   0   0]
 [  0   1   0  98   0   1   0   1   2   0]
 [  0  11   1   0  82   0   0   0   0   1]
 [  1   0   0   6   0  89   1   0   0   0]
 [  0   8   0   0   0   0  98   0   0   0]
 [  0   7   0   0   1   0   0  85   0   4]
 [  0   5   0   2   0   1   0   3  75   1]
 [  0   2   0   0   4   0   0   9   1  96]]

Classification Report: 

              precision    recall  f1-score   support

           0       0.99      0.98      0.98        97
           1       0.70      0.99      0.82        95
           2       0.99      0.90      0.94       111
           3       0.92      0.95      0.93       103
           4       0.92      0.86      0.89        95
           5       0.97      0.92      0.94        97
           6       0.98      0.92      0.95       106
           7       0.85      0.88      0.86        97
           8       0.96      0.86      0.91        87
           9       0.94      0.86      0.90       112

    accuracy                           0.91      1000
   macro avg       0.92      0.91      0.91      1000
weighted avg       0.92      0.91      0.91      1000


F1Score:0.9141599698434068
Execution Time: 131.89923191070557