Accuracy: 0.9

Confusion Matrix: 

[[ 95   1   0   0   0   1   0   0   0   0]
 [  0  94   0   1   0   0   0   0   0   0]
 [  1   6  98   0   0   0   1   4   0   1]
 [  0   2   0  99   0   0   0   1   1   0]
 [  0  11   2   0  82   0   0   0   0   0]
 [  1   1   0   7   0  87   1   0   0   0]
 [  0   6   0   0   0   0 100   0   0   0]
 [  0   9   0   0   1   0   0  84   0   3]
 [  0   5   0   6   0   1   0   3  71   1]
 [  0   3   0   0   5   0   0  14   0  90]]

Classification Report: 

              precision    recall  f1-score   support

           0       0.98      0.98      0.98        97
           1       0.68      0.99      0.81        95
           2       0.98      0.88      0.93       111
           3       0.88      0.96      0.92       103
           4       0.93      0.86      0.90        95
           5       0.98      0.90      0.94        97
           6       0.98      0.94      0.96       106
           7       0.79      0.87      0.83        97
           8       0.99      0.82      0.89        87
           9       0.95      0.80      0.87       112

    accuracy                           0.90      1000
   macro avg       0.91      0.90      0.90      1000
weighted avg       0.91      0.90      0.90      1000


F1Score:0.9023449359741693
Execution Time: 667.1826610565186