Accuracy: 0.919

Confusion Matrix: 

[[ 96   0   0   0   0   1   0   0   0   0]
 [  0  95   0   0   0   0   0   0   0   0]
 [  0   6  99   1   1   0   1   3   0   0]
 [  0   1   0  99   0   1   0   1   1   0]
 [  0  10   2   0  81   0   0   0   0   2]
 [  1   1   0   4   0  90   1   0   0   0]
 [  1   5   0   0   0   0 100   0   0   0]
 [  1   9   0   0   0   0   0  84   0   3]
 [  1   4   0   2   0   1   0   1  77   1]
 [  0   1   0   0   3   0   0   9   1  98]]

Classification Report: 

              precision    recall  f1-score   support

           0       0.96      0.99      0.97        97
           1       0.72      1.00      0.84        95
           2       0.98      0.89      0.93       111
           3       0.93      0.96      0.95       103
           4       0.95      0.85      0.90        95
           5       0.97      0.93      0.95        97
           6       0.98      0.94      0.96       106
           7       0.86      0.87      0.86        97
           8       0.97      0.89      0.93        87
           9       0.94      0.88      0.91       112

    accuracy                           0.92      1000
   macro avg       0.93      0.92      0.92      1000
weighted avg       0.93      0.92      0.92      1000


F1Score:0.9205297657949048
Execution Time: 3584.3624999523163