Accuracy: 0.902

Confusion Matrix: 

[[ 95   1   0   0   0   1   0   0   0   0]
 [  0  94   0   1   0   0   0   0   0   0]
 [  1   7  96   0   1   0   2   4   0   0]
 [  0   0   1  98   0   0   0   3   1   0]
 [  0  11   1   0  81   0   1   0   0   1]
 [  1   1   0   6   0  88   1   0   0   0]
 [  0   6   0   0   0   0 100   0   0   0]
 [  0   8   0   0   1   0   0  83   0   5]
 [  0   5   0   3   0   1   0   2  75   1]
 [  0   2   0   0   5   0   0  13   0  92]]

Classification Report: 

              precision    recall  f1-score   support

           0       0.98      0.98      0.98        97
           1       0.70      0.99      0.82        95
           2       0.98      0.86      0.92       111
           3       0.91      0.95      0.93       103
           4       0.92      0.85      0.89        95
           5       0.98      0.91      0.94        97
           6       0.96      0.94      0.95       106
           7       0.79      0.86      0.82        97
           8       0.99      0.86      0.92        87
           9       0.93      0.82      0.87       112

    accuracy                           0.90      1000
   macro avg       0.91      0.90      0.90      1000
weighted avg       0.91      0.90      0.90      1000


F1Score:0.904088517578611
Execution Time: 418.27784276008606