Accuracy: 0.884

Confusion Matrix: 

[[95  1  0  0  0  1  0  0  0  0]
 [ 0 95  0  0  0  0  0  0  0  0]
 [ 2  7 95  0  1  0  2  4  0  0]
 [ 0  1  1 98  0  0  0  2  1  0]
 [ 0 11  0  0 79  0  1  1  0  3]
 [ 1  1  0  6  0 88  1  0  0  0]
 [ 1  9  0  0  0  0 96  0  0  0]
 [ 0 10  0  0  2  0  0 80  0  5]
 [ 0  6  0  3  0  1  0  4 72  1]
 [ 0  3  0  0  6  0  0 17  0 86]]

Classification Report: 

              precision    recall  f1-score   support

           0       0.96      0.98      0.97        97
           1       0.66      1.00      0.79        95
           2       0.99      0.86      0.92       111
           3       0.92      0.95      0.93       103
           4       0.90      0.83      0.86        95
           5       0.98      0.91      0.94        97
           6       0.96      0.91      0.93       106
           7       0.74      0.82      0.78        97
           8       0.99      0.83      0.90        87
           9       0.91      0.77      0.83       112

    accuracy                           0.88      1000
   macro avg       0.90      0.89      0.89      1000
weighted avg       0.90      0.88      0.89      1000


F1Score:0.8867532271824953
Execution Time: 4260.314181804657