Accuracy: 0.918

Confusion Matrix: 

[[ 94   2   0   0   0   1   0   0   0   0]
 [  0  95   0   0   0   0   0   0   0   0]
 [  0   6 100   0   1   0   1   3   0   0]
 [  1   1   1  97   0   1   0   1   1   0]
 [  0  10   2   0  81   0   0   0   0   2]
 [  1   1   0   4   0  90   1   0   0   0]
 [  0   6   0   0   1   0  99   0   0   0]
 [  1   8   0   0   0   0   0  85   0   3]
 [  1   3   0   3   0   1   0   0  78   1]
 [  0   1   0   0   3   0   0   8   1  99]]

Classification Report: 

              precision    recall  f1-score   support

           0       0.96      0.97      0.96        97
           1       0.71      1.00      0.83        95
           2       0.97      0.90      0.93       111
           3       0.93      0.94      0.94       103
           4       0.94      0.85      0.90        95
           5       0.97      0.93      0.95        97
           6       0.98      0.93      0.96       106
           7       0.88      0.88      0.88        97
           8       0.97      0.90      0.93        87
           9       0.94      0.88      0.91       112

    accuracy                           0.92      1000
   macro avg       0.93      0.92      0.92      1000
weighted avg       0.93      0.92      0.92      1000


F1Score:0.9197310090720731
Execution Time: 478.5216989517212