Accuracy: 0.906

Confusion Matrix: 

[[95  1  0  0  0  1  0  0  0  0]
 [ 0 95  0  0  0  0  0  0  0  0]
 [ 1  6 98  0  1  0  1  4  0  0]
 [ 0  1  1 98  0  0  0  1  2  0]
 [ 0 10  1  0 82  0  0  0  0  2]
 [ 1  0  0  6  0 89  1  0  0  0]
 [ 1  7  0  0  1  0 97  0  0  0]
 [ 0  8  0  0  1  0  0 84  0  4]
 [ 0  6  0  4  1  1  0  2 72  1]
 [ 0  3  0  0  4  0  0  9  0 96]]

Classification Report: 

              precision    recall  f1-score   support

           0       0.97      0.98      0.97        97
           1       0.69      1.00      0.82        95
           2       0.98      0.88      0.93       111
           3       0.91      0.95      0.93       103
           4       0.91      0.86      0.89        95
           5       0.98      0.92      0.95        97
           6       0.98      0.92      0.95       106
           7       0.84      0.87      0.85        97
           8       0.97      0.83      0.89        87
           9       0.93      0.86      0.89       112

    accuracy                           0.91      1000
   macro avg       0.92      0.91      0.91      1000
weighted avg       0.92      0.91      0.91      1000


F1Score:0.908023192808831
Execution Time: 98.52759599685669