Accuracy: 0.903

Confusion Matrix: 

[[95  1  0  0  0  1  0  0  0  0]
 [ 0 94  0  1  0  0  0  0  0  0]
 [ 1  7 99  0  1  0  1  2  0  0]
 [ 0  2  1 99  0  0  0  1  0  0]
 [ 0 11  1  0 82  0  1  0  0  0]
 [ 1  1  0  6  0 88  1  0  0  0]
 [ 0  7  0  0  0  0 99  0  0  0]
 [ 0 10  0  0  1  0  0 84  0  2]
 [ 0  3  0  4  2  1  0  3 73  1]
 [ 0  2  0  0  5  0  0 15  0 90]]

Classification Report: 

              precision    recall  f1-score   support

           0       0.98      0.98      0.98        97
           1       0.68      0.99      0.81        95
           2       0.98      0.89      0.93       111
           3       0.90      0.96      0.93       103
           4       0.90      0.86      0.88        95
           5       0.98      0.91      0.94        97
           6       0.97      0.93      0.95       106
           7       0.80      0.87      0.83        97
           8       1.00      0.84      0.91        87
           9       0.97      0.80      0.88       112

    accuracy                           0.90      1000
   macro avg       0.92      0.90      0.90      1000
weighted avg       0.92      0.90      0.91      1000


F1Score:0.9054322861115025
Execution Time: 410.6910219192505