Accuracy: 0.895

Confusion Matrix: 

[[95  1  0  0  0  1  0  0  0  0]
 [ 0 94  0  1  0  0  0  0  0  0]
 [ 2  8 92  1  1  0  2  5  0  0]
 [ 0  0  2 98  0  0  0  2  1  0]
 [ 0 11  1  0 82  0  0  0  0  1]
 [ 1  1  0  6  0 88  1  0  0  0]
 [ 1  8  0  0  0  0 97  0  0  0]
 [ 0  8  0  0  1  0  0 83  0  5]
 [ 0  6  0  3  0  1  0  2 73  2]
 [ 0  3  0  0  5  0  0 11  0 93]]

Classification Report: 

              precision    recall  f1-score   support

           0       0.96      0.98      0.97        97
           1       0.67      0.99      0.80        95
           2       0.97      0.83      0.89       111
           3       0.90      0.95      0.92       103
           4       0.92      0.86      0.89        95
           5       0.98      0.91      0.94        97
           6       0.97      0.92      0.94       106
           7       0.81      0.86      0.83        97
           8       0.99      0.84      0.91        87
           9       0.92      0.83      0.87       112

    accuracy                           0.90      1000
   macro avg       0.91      0.90      0.90      1000
weighted avg       0.91      0.90      0.90      1000


F1Score:0.897403158655479
Execution Time: 522.3052048683167