Accuracy: 0.881

Confusion Matrix: 

[[94  2  0  0  0  1  0  0  0  0]
 [ 0 94  0  1  0  0  0  0  0  0]
 [ 2  8 93  1  0  0  1  5  1  0]
 [ 0  1  2 97  0  0  0  0  3  0]
 [ 1 11  0  0 81  0  1  0  0  1]
 [ 0  1  0  8  0 87  1  0  0  0]
 [ 1  7  0  0  0  0 98  0  0  0]
 [ 0 10  0  0  2  1  0 82  0  2]
 [ 0  3  0  3  0  5  0  5 69  2]
 [ 0  4  0  0  5  0  0 17  0 86]]

Classification Report: 

              precision    recall  f1-score   support

           0       0.96      0.97      0.96        97
           1       0.67      0.99      0.80        95
           2       0.98      0.84      0.90       111
           3       0.88      0.94      0.91       103
           4       0.92      0.85      0.89        95
           5       0.93      0.90      0.91        97
           6       0.97      0.92      0.95       106
           7       0.75      0.85      0.80        97
           8       0.95      0.79      0.86        87
           9       0.95      0.77      0.85       112

    accuracy                           0.88      1000
   macro avg       0.89      0.88      0.88      1000
weighted avg       0.90      0.88      0.88      1000


F1Score:0.8832207776190878
Execution Time: 35.52525782585144