Accuracy: 0.884

Confusion Matrix: 

[[94  2  0  0  0  1  0  0  0  0]
 [ 0 94  0  1  0  0  0  0  0  0]
 [ 2 10 92  1  1  0  1  3  1  0]
 [ 0  1  2 98  0  0  0  1  1  0]
 [ 0 12  0  0 78  0  2  0  0  3]
 [ 0  1  0  8  0 87  1  0  0  0]
 [ 1  7  0  0  0  0 98  0  0  0]
 [ 0 11  0  0  2  0  0 81  0  3]
 [ 0  3  0  5  0  3  0  4 70  2]
 [ 0  3  0  0  4  0  0 13  0 92]]

Classification Report: 

              precision    recall  f1-score   support

           0       0.97      0.97      0.97        97
           1       0.65      0.99      0.79        95
           2       0.98      0.83      0.90       111
           3       0.87      0.95      0.91       103
           4       0.92      0.82      0.87        95
           5       0.96      0.90      0.93        97
           6       0.96      0.92      0.94       106
           7       0.79      0.84      0.81        97
           8       0.97      0.80      0.88        87
           9       0.92      0.82      0.87       112

    accuracy                           0.88      1000
   macro avg       0.90      0.88      0.89      1000
weighted avg       0.90      0.88      0.89      1000


F1Score:0.8865909540663988
Execution Time: 36.2988920211792