Accuracy: 0.879

Confusion Matrix: 

[[94  2  0  0  0  1  0  0  0  0]
 [ 0 94  0  1  0  0  0  0  0  0]
 [ 2  9 91  1  0  0  2  5  1  0]
 [ 0  2  1 98  0  1  0  1  0  0]
 [ 0 12  0  0 78  0  2  0  0  3]
 [ 0  1  0  9  0 86  1  0  0  0]
 [ 1  6  0  0  0  0 99  0  0  0]
 [ 0 11  0  0  2  0  0 82  0  2]
 [ 1  3  0  6  0  3  0  2 70  2]
 [ 0  4  0  0  5  0  0 16  0 87]]

Classification Report: 

              precision    recall  f1-score   support

           0       0.96      0.97      0.96        97
           1       0.65      0.99      0.79        95
           2       0.99      0.82      0.90       111
           3       0.85      0.95      0.90       103
           4       0.92      0.82      0.87        95
           5       0.95      0.89      0.91        97
           6       0.95      0.93      0.94       106
           7       0.77      0.85      0.81        97
           8       0.99      0.80      0.89        87
           9       0.93      0.78      0.84       112

    accuracy                           0.88      1000
   macro avg       0.90      0.88      0.88      1000
weighted avg       0.90      0.88      0.88      1000


F1Score:0.8814446808466868
Execution Time: 7.067450046539307