Accuracy: 0.881

Confusion Matrix: 

[[95  1  0  0  0  1  0  0  0  0]
 [ 0 94  0  1  0  0  0  0  0  0]
 [ 2  9 90  1  1  0  2  6  0  0]
 [ 0  0  1 99  0  0  0  2  1  0]
 [ 0 12  0  0 79  0  0  1  0  3]
 [ 1  1  0  7  0 87  1  0  0  0]
 [ 1  8  0  0  0  0 97  0  0  0]
 [ 0 11  0  0  1  0  0 82  0  3]
 [ 0  5  0  3  0  3  0  4 71  1]
 [ 0  2  0  0  6  0  0 17  0 87]]

Classification Report: 

              precision    recall  f1-score   support

           0       0.96      0.98      0.97        97
           1       0.66      0.99      0.79        95
           2       0.99      0.81      0.89       111
           3       0.89      0.96      0.93       103
           4       0.91      0.83      0.87        95
           5       0.96      0.90      0.93        97
           6       0.97      0.92      0.94       106
           7       0.73      0.85      0.78        97
           8       0.99      0.82      0.89        87
           9       0.93      0.78      0.84       112

    accuracy                           0.88      1000
   macro avg       0.90      0.88      0.88      1000
weighted avg       0.90      0.88      0.88      1000


F1Score:0.8837718389879503
Execution Time: 544.0449509620667