Accuracy: 0.882

Confusion Matrix: 

[[95  1  0  0  0  1  0  0  0  0]
 [ 0 95  0  0  0  0  0  0  0  0]
 [ 0  7 95  2  1  0  2  4  0  0]
 [ 0  1  1 96  0  1  0  2  2  0]
 [ 0 12  1  0 79  0  0  1  0  2]
 [ 1  0  0  7  0 88  1  0  0  0]
 [ 2  9  0  0  0  0 95  0  0  0]
 [ 0 10  0  0  1  0  0 83  0  3]
 [ 0  6  0  4  0  2  0  3 70  2]
 [ 0  3  0  0  7  0  0 16  0 86]]

Classification Report: 

              precision    recall  f1-score   support

           0       0.97      0.98      0.97        97
           1       0.66      1.00      0.79        95
           2       0.98      0.86      0.91       111
           3       0.88      0.93      0.91       103
           4       0.90      0.83      0.86        95
           5       0.96      0.91      0.93        97
           6       0.97      0.90      0.93       106
           7       0.76      0.86      0.81        97
           8       0.97      0.80      0.88        87
           9       0.92      0.77      0.84       112

    accuracy                           0.88      1000
   macro avg       0.90      0.88      0.88      1000
weighted avg       0.90      0.88      0.88      1000


F1Score:0.8845280269858071
Execution Time: 706.9806048870087