Accuracy: 0.892

Confusion Matrix: 

[[ 96   0   0   0   0   1   0   0   0   0]
 [  0  94   0   1   0   0   0   0   0   0]
 [  0   8  97   1   1   0   1   2   1   0]
 [  0   1   1 100   0   0   0   1   0   0]
 [  0   9   1   0  82   0   1   1   0   1]
 [  2   1   0   8   0  85   1   0   0   0]
 [  3   6   0   0   0   0  97   0   0   0]
 [  1  10   0   0   1   0   0  81   0   4]
 [  0   5   0   7   1   2   0   2  70   0]
 [  0   3   0   0   4   0   0  15   0  90]]

Classification Report: 

              precision    recall  f1-score   support

           0       0.94      0.99      0.96        97
           1       0.69      0.99      0.81        95
           2       0.98      0.87      0.92       111
           3       0.85      0.97      0.91       103
           4       0.92      0.86      0.89        95
           5       0.97      0.88      0.92        97
           6       0.97      0.92      0.94       106
           7       0.79      0.84      0.81        97
           8       0.99      0.80      0.89        87
           9       0.95      0.80      0.87       112

    accuracy                           0.89      1000
   macro avg       0.90      0.89      0.89      1000
weighted avg       0.91      0.89      0.89      1000

Execution Time: 1.3000149726867676