Accuracy: 0.883

Confusion Matrix: 

[[94  2  0  0  0  1  0  0  0  0]
 [ 0 94  0  1  0  0  0  0  0  0]
 [ 2  9 91  1  1  0  2  5  0  0]
 [ 0  0  1 98  0  1  0  2  1  0]
 [ 0 12  0  0 79  0  0  1  0  3]
 [ 1  1  0  7  0 87  1  0  0  0]
 [ 1  8  0  0  0  0 97  0  0  0]
 [ 0 10  0  0  1  0  0 83  0  3]
 [ 0  3  0  4  0  2  0  5 72  1]
 [ 0  2  0  0  6  0  0 16  0 88]]

Classification Report: 

              precision    recall  f1-score   support

           0       0.96      0.97      0.96        97
           1       0.67      0.99      0.80        95
           2       0.99      0.82      0.90       111
           3       0.88      0.95      0.92       103
           4       0.91      0.83      0.87        95
           5       0.96      0.90      0.93        97
           6       0.97      0.92      0.94       106
           7       0.74      0.86      0.79        97
           8       0.99      0.83      0.90        87
           9       0.93      0.79      0.85       112

    accuracy                           0.88      1000
   macro avg       0.90      0.88      0.89      1000
weighted avg       0.90      0.88      0.89      1000


F1Score:0.8856940860737932
Execution Time: 551.0288529396057