Accuracy: 0.881

Confusion Matrix: 

[[96  0  0  0  0  1  0  0  0  0]
 [ 0 94  0  1  0  0  0  0  0  0]
 [ 2  7 93  1  0  0  2  5  0  1]
 [ 0  1  1 97  0  0  0  2  2  0]
 [ 0 12  1  0 79  0  1  0  0  2]
 [ 2  1  0  8  0 85  1  0  0  0]
 [ 0  8  0  0  0  0 98  0  0  0]
 [ 0 10  0  0  0  0  0 83  0  4]
 [ 0  6  0  4  0  2  0  3 69  3]
 [ 0  3  0  0  4  0  0 18  0 87]]

Classification Report: 

              precision    recall  f1-score   support

           0       0.96      0.99      0.97        97
           1       0.66      0.99      0.79        95
           2       0.98      0.84      0.90       111
           3       0.87      0.94      0.91       103
           4       0.95      0.83      0.89        95
           5       0.97      0.88      0.92        97
           6       0.96      0.92      0.94       106
           7       0.75      0.86      0.80        97
           8       0.97      0.79      0.87        87
           9       0.90      0.78      0.83       112

    accuracy                           0.88      1000
   macro avg       0.90      0.88      0.88      1000
weighted avg       0.90      0.88      0.88      1000


F1Score:0.8834842692673432
Execution Time: 5.4683449268341064