Accuracy: 0.904

Confusion Matrix: 

[[ 96   0   0   0   0   1   0   0   0   0]
 [  0  94   0   1   0   0   0   0   0   0]
 [  0   7  99   1   0   0   1   1   1   1]
 [  0   1   1  99   0   0   0   2   0   0]
 [  0  11   1   0  77   0   1   1   0   4]
 [  2   1   0   7   0  86   1   0   0   0]
 [  0   6   0   0   0   0 100   0   0   0]
 [  0   5   0   0   1   0   0  85   0   6]
 [  0   6   0   5   0   2   0   2  72   0]
 [  0   3   0   0   4   0   0   9   0  96]]

Classification Report: 

              precision    recall  f1-score   support

           0       0.98      0.99      0.98        97
           1       0.70      0.99      0.82        95
           2       0.98      0.89      0.93       111
           3       0.88      0.96      0.92       103
           4       0.94      0.81      0.87        95
           5       0.97      0.89      0.92        97
           6       0.97      0.94      0.96       106
           7       0.85      0.88      0.86        97
           8       0.99      0.83      0.90        87
           9       0.90      0.86      0.88       112

    accuracy                           0.90      1000
   macro avg       0.91      0.90      0.90      1000
weighted avg       0.92      0.90      0.91      1000

Execution Time: 2.0954689979553223