Accuracy: 0.923

Confusion Matrix: 

[[ 95   0   0   1   0   1   0   0   0   0]
 [  0  93   0   0   0   1   0   0   0   1]
 [  1   0 101   1   0   0   0   5   1   2]
 [  0   1   0  97   0   1   0   1   3   0]
 [  0   8   0   0  83   0   1   0   0   3]
 [  1   0   0   7   0  88   1   0   0   0]
 [  1   4   0   0   0   0 100   0   1   0]
 [  0   3   1   0   1   0   0  88   0   4]
 [  0   4   0   1   1   2   0   1  78   0]
 [  0   1   0   0   1   0   0  10   0 100]]

Classification Report: 

              precision    recall  f1-score   support

           0       0.97      0.98      0.97        97
           1       0.82      0.98      0.89        95
           2       0.99      0.91      0.95       111
           3       0.91      0.94      0.92       103
           4       0.97      0.87      0.92        95
           5       0.95      0.91      0.93        97
           6       0.98      0.94      0.96       106
           7       0.84      0.91      0.87        97
           8       0.94      0.90      0.92        87
           9       0.91      0.89      0.90       112

    accuracy                           0.92      1000
   macro avg       0.93      0.92      0.92      1000
weighted avg       0.93      0.92      0.92      1000


F1Score:0.9236320884733841
Execution Time: 720.4481477737427