Accuracy: 0.886

Confusion Matrix: 

[[95  1  0  0  0  1  0  0  0  0]
 [ 0 94  0  1  0  0  0  0  0  0]
 [ 1  9 91  2  1  0  2  4  1  0]
 [ 0  0  1 99  0  0  0  2  1  0]
 [ 0 12  1  0 79  0  0  0  0  3]
 [ 1  0  0  7  0 88  1  0  0  0]
 [ 2  7  0  0  0  0 97  0  0  0]
 [ 0 10  0  0  1  0  0 83  0  3]
 [ 0  6  0  3  0  3  0  4 70  1]
 [ 0  2  0  0  5  0  0 15  0 90]]

Classification Report: 

              precision    recall  f1-score   support

           0       0.96      0.98      0.97        97
           1       0.67      0.99      0.80        95
           2       0.98      0.82      0.89       111
           3       0.88      0.96      0.92       103
           4       0.92      0.83      0.87        95
           5       0.96      0.91      0.93        97
           6       0.97      0.92      0.94       106
           7       0.77      0.86      0.81        97
           8       0.97      0.80      0.88        87
           9       0.93      0.80      0.86       112

    accuracy                           0.89      1000
   macro avg       0.90      0.89      0.89      1000
weighted avg       0.90      0.89      0.89      1000


F1Score:0.8882847110987171
Execution Time: 351.19902205467224