Accuracy: 0.871

Confusion Matrix: 

[[95  1  0  0  0  1  0  0  0  0]
 [ 0 95  0  0  0  0  0  0  0  0]
 [ 3  9 89  1  0  0  3  6  0  0]
 [ 1  1  1 98  0  0  0  2  0  0]
 [ 0 12  0  0 78  0  1  0  0  4]
 [ 0  1  0  7  0 88  1  0  0  0]
 [ 1  6  0  0  0  0 99  0  0  0]
 [ 0 11  0  0  3  0  0 79  0  4]
 [ 0  5  0  3  1  6  0  5 65  2]
 [ 0  3  0  0  7  0  0 17  0 85]]

Classification Report: 

              precision    recall  f1-score   support

           0       0.95      0.98      0.96        97
           1       0.66      1.00      0.79        95
           2       0.99      0.80      0.89       111
           3       0.90      0.95      0.92       103
           4       0.88      0.82      0.85        95
           5       0.93      0.91      0.92        97
           6       0.95      0.93      0.94       106
           7       0.72      0.81      0.77        97
           8       1.00      0.75      0.86        87
           9       0.89      0.76      0.82       112

    accuracy                           0.87      1000
   macro avg       0.89      0.87      0.87      1000
weighted avg       0.89      0.87      0.87      1000


F1Score:0.8727908659898784
Execution Time: 39.50748109817505