Accuracy: 0.912

Confusion Matrix: 

[[ 95   1   0   0   0   1   0   0   0   0]
 [  0  94   0   0   0   0   0   0   0   1]
 [  0   6 100   0   0   0   1   3   0   1]
 [  0   1   0  99   0   0   0   1   2   0]
 [  0  10   1   0  83   0   1   0   0   0]
 [  1   1   0   7   0  87   1   0   0   0]
 [  0   6   0   0   0   0 100   0   0   0]
 [  0   8   0   0   1   0   0  85   0   3]
 [  0   6   0   3   0   1   0   2  74   1]
 [  0   2   0   0   5   0   0  10   0  95]]

Classification Report: 

              precision    recall  f1-score   support

           0       0.99      0.98      0.98        97
           1       0.70      0.99      0.82        95
           2       0.99      0.90      0.94       111
           3       0.91      0.96      0.93       103
           4       0.93      0.87      0.90        95
           5       0.98      0.90      0.94        97
           6       0.97      0.94      0.96       106
           7       0.84      0.88      0.86        97
           8       0.97      0.85      0.91        87
           9       0.94      0.85      0.89       112

    accuracy                           0.91      1000
   macro avg       0.92      0.91      0.91      1000
weighted avg       0.92      0.91      0.91      1000


F1Score:0.9141261567533948
Execution Time: 578.3691608905792