Accuracy: 0.874

Confusion Matrix: 

[[95  1  0  0  0  1  0  0  0  0]
 [ 0 95  0  0  0  0  0  0  0  0]
 [ 3  9 89  1  0  0  3  6  0  0]
 [ 0  2  1 98  0  1  0  1  0  0]
 [ 0 12  0  0 78  0  1  0  0  4]
 [ 0  1  0  8  0 87  1  0  0  0]
 [ 1  6  0  0  0  0 99  0  0  0]
 [ 0 10  0  0  2  0  0 81  0  4]
 [ 0  4  0  4  1  5  0  4 67  2]
 [ 0  3  0  0  6  0  0 18  0 85]]

Classification Report: 

              precision    recall  f1-score   support

           0       0.96      0.98      0.97        97
           1       0.66      1.00      0.80        95
           2       0.99      0.80      0.89       111
           3       0.88      0.95      0.92       103
           4       0.90      0.82      0.86        95
           5       0.93      0.90      0.91        97
           6       0.95      0.93      0.94       106
           7       0.74      0.84      0.78        97
           8       1.00      0.77      0.87        87
           9       0.89      0.76      0.82       112

    accuracy                           0.87      1000
   macro avg       0.89      0.87      0.88      1000
weighted avg       0.89      0.87      0.88      1000


F1Score:0.8758388436662567
Execution Time: 28.870788097381592