Accuracy: 0.894

Confusion Matrix: 

[[95  1  0  0  0  1  0  0  0  0]
 [ 0 94  0  1  0  0  0  0  0  0]
 [ 1  6 98  0  0  0  1  4  0  1]
 [ 0  0  0 98  0  0  0  1  3  1]
 [ 0 11  1  0 81  0  1  0  0  1]
 [ 1  0  0  6  0 89  1  0  0  0]
 [ 2  6  0  0  0  0 98  0  0  0]
 [ 0 11  0  0  1  0  0 82  0  3]
 [ 0  5  0  4  0  1  0  4 71  2]
 [ 0  3  0  0  5  0  0 16  0 88]]

Classification Report: 

              precision    recall  f1-score   support

           0       0.96      0.98      0.97        97
           1       0.69      0.99      0.81        95
           2       0.99      0.88      0.93       111
           3       0.90      0.95      0.92       103
           4       0.93      0.85      0.89        95
           5       0.98      0.92      0.95        97
           6       0.97      0.92      0.95       106
           7       0.77      0.85      0.80        97
           8       0.96      0.82      0.88        87
           9       0.92      0.79      0.85       112

    accuracy                           0.89      1000
   macro avg       0.91      0.89      0.90      1000
weighted avg       0.91      0.89      0.90      1000


F1Score:0.8960903429914877
Execution Time: 599.1041178703308