Accuracy: 0.905

Confusion Matrix: 

[[ 95   1   0   0   0   1   0   0   0   0]
 [  0  94   0   1   0   0   0   0   0   0]
 [  1   6  98   0   1   0   2   3   0   0]
 [  0   1   0  98   0   0   0   1   3   0]
 [  0  11   2   0  80   0   0   0   0   2]
 [  1   1   0   6   0  88   1   0   0   0]
 [  0   5   0   0   0   0 101   0   0   0]
 [  0   9   0   0   1   0   0  83   0   4]
 [  0   6   0   3   0   1   0   2  75   0]
 [  0   2   0   0   4   0   0  13   0  93]]

Classification Report: 

              precision    recall  f1-score   support

           0       0.98      0.98      0.98        97
           1       0.69      0.99      0.81        95
           2       0.98      0.88      0.93       111
           3       0.91      0.95      0.93       103
           4       0.93      0.84      0.88        95
           5       0.98      0.91      0.94        97
           6       0.97      0.95      0.96       106
           7       0.81      0.86      0.83        97
           8       0.96      0.86      0.91        87
           9       0.94      0.83      0.88       112

    accuracy                           0.91      1000
   macro avg       0.92      0.91      0.91      1000
weighted avg       0.92      0.91      0.91      1000


F1Score:0.9070720099104229
Execution Time: 2916.3960597515106