Accuracy: 0.898

Confusion Matrix: 

[[ 96   0   0   0   0   1   0   0   0   0]
 [  0  95   0   0   0   0   0   0   0   0]
 [  2  10  96   0   0   0   0   2   1   0]
 [  1   2   1  97   0   0   0   1   1   0]
 [  0  10   0   0  83   0   1   0   0   1]
 [  0   1   0   9   0  86   0   0   1   0]
 [  1   5   0   0   0   0 100   0   0   0]
 [  0  10   0   0   0   0   0  84   0   3]
 [  0   5   0   3   0   2   0   2  72   3]
 [  0   2   0   0   3   0   0  18   0  89]]

Classification Report: 

              precision    recall  f1-score   support

           0       0.96      0.99      0.97        97
           1       0.68      1.00      0.81        95
           2       0.99      0.86      0.92       111
           3       0.89      0.94      0.92       103
           4       0.97      0.87      0.92        95
           5       0.97      0.89      0.92        97
           6       0.99      0.94      0.97       106
           7       0.79      0.87      0.82        97
           8       0.96      0.83      0.89        87
           9       0.93      0.79      0.86       112

    accuracy                           0.90      1000
   macro avg       0.91      0.90      0.90      1000
weighted avg       0.91      0.90      0.90      1000


F1Score:0.9003661327592072
Execution Time: 22.212087869644165