Accuracy: 0.888

Confusion Matrix: 

[[94  2  0  0  0  1  0  0  0  0]
 [ 0 95  0  0  0  0  0  0  0  0]
 [ 2  6 96  1  1  0  2  2  1  0]
 [ 0  0  1 97  0  1  0  3  1  0]
 [ 0 10  0  0 78  0  1  1  0  5]
 [ 1  0  0  7  0 88  1  0  0  0]
 [ 1  8  0  0  0  0 97  0  0  0]
 [ 0 13  0  0  1  0  0 79  0  4]
 [ 0  4  0  2  0  1  0  4 74  2]
 [ 0  3  0  0  5  0  0 14  0 90]]

Classification Report: 

              precision    recall  f1-score   support

           0       0.96      0.97      0.96        97
           1       0.67      1.00      0.81        95
           2       0.99      0.86      0.92       111
           3       0.91      0.94      0.92       103
           4       0.92      0.82      0.87        95
           5       0.97      0.91      0.94        97
           6       0.96      0.92      0.94       106
           7       0.77      0.81      0.79        97
           8       0.97      0.85      0.91        87
           9       0.89      0.80      0.85       112

    accuracy                           0.89      1000
   macro avg       0.90      0.89      0.89      1000
weighted avg       0.90      0.89      0.89      1000


F1Score:0.8903715104746577
Execution Time: 158.91586780548096