Accuracy: 0.894

Confusion Matrix: 

[[95  1  0  0  0  1  0  0  0  0]
 [ 0 94  0  1  0  0  0  0  0  0]
 [ 1  6 97  0  0  0  2  4  0  1]
 [ 0  1  1 97  0  0  0  2  2  0]
 [ 0 12  0  0 79  0  1  0  0  3]
 [ 1  1  0  6  0 88  1  0  0  0]
 [ 1  7  0  0  0  0 98  0  0  0]
 [ 0 10  0  0  1  0  0 82  0  4]
 [ 0  5  0  4  0  1  0  3 72  2]
 [ 0  3  0  0  5  0  0 12  0 92]]

Classification Report: 

              precision    recall  f1-score   support

           0       0.97      0.98      0.97        97
           1       0.67      0.99      0.80        95
           2       0.99      0.87      0.93       111
           3       0.90      0.94      0.92       103
           4       0.93      0.83      0.88        95
           5       0.98      0.91      0.94        97
           6       0.96      0.92      0.94       106
           7       0.80      0.85      0.82        97
           8       0.97      0.83      0.89        87
           9       0.90      0.82      0.86       112

    accuracy                           0.89      1000
   macro avg       0.91      0.89      0.90      1000
weighted avg       0.91      0.89      0.90      1000


F1Score:0.896468087074132
Execution Time: 3793.2228739261627