Accuracy: 0.893

Confusion Matrix: 

[[96  0  0  0  0  1  0  0  0  0]
 [ 0 94  0  1  0  0  0  0  0  0]
 [ 0  7 97  1  0  0  2  3  0  1]
 [ 0  1  1 99  0  0  0  1  1  0]
 [ 0 12  1  0 80  0  1  1  0  0]
 [ 2  1  0  8  0 85  1  0  0  0]
 [ 1  8  0  0  0  0 97  0  0  0]
 [ 0 10  0  0  0  0  0 82  0  5]
 [ 0  5  0  4  0  2  0  3 72  1]
 [ 0  3  0  0  5  0  0 13  0 91]]

Classification Report: 

              precision    recall  f1-score   support

           0       0.97      0.99      0.98        97
           1       0.67      0.99      0.80        95
           2       0.98      0.87      0.92       111
           3       0.88      0.96      0.92       103
           4       0.94      0.84      0.89        95
           5       0.97      0.88      0.92        97
           6       0.96      0.92      0.94       106
           7       0.80      0.85      0.82        97
           8       0.99      0.83      0.90        87
           9       0.93      0.81      0.87       112

    accuracy                           0.89      1000
   macro avg       0.91      0.89      0.89      1000
weighted avg       0.91      0.89      0.90      1000

Execution Time: 3.1806740760803223