Accuracy: 0.903

Confusion Matrix: 

[[95  1  0  0  0  1  0  0  0  0]
 [ 0 94  0  1  0  0  0  0  0  0]
 [ 1  6 98  0  0  0  2  3  0  1]
 [ 0  1  0 98  0  1  0  2  1  0]
 [ 0 11  2  0 81  0  0  0  0  1]
 [ 2  0  0  5  0 89  1  0  0  0]
 [ 1  7  0  0  1  0 97  0  0  0]
 [ 0  9  0  0  1  0  0 83  0  4]
 [ 0  6  0  3  0  1  0  4 73  0]
 [ 0  3  0  0  4  0  0 10  0 95]]

Classification Report: 

              precision    recall  f1-score   support

           0       0.96      0.98      0.97        97
           1       0.68      0.99      0.81        95
           2       0.98      0.88      0.93       111
           3       0.92      0.95      0.93       103
           4       0.93      0.85      0.89        95
           5       0.97      0.92      0.94        97
           6       0.97      0.92      0.94       106
           7       0.81      0.86      0.83        97
           8       0.99      0.84      0.91        87
           9       0.94      0.85      0.89       112

    accuracy                           0.90      1000
   macro avg       0.91      0.90      0.90      1000
weighted avg       0.92      0.90      0.91      1000


F1Score:0.9053805765545676
Execution Time: 65.87997198104858