Accuracy: 0.886

Confusion Matrix: 

[[94  2  0  0  0  1  0  0  0  0]
 [ 0 94  0  1  0  0  0  0  0  0]
 [ 1 11 93  0  0  0  1  4  1  0]
 [ 0  2  2 97  0  0  0  0  2  0]
 [ 0 10  1  0 82  0  1  0  0  1]
 [ 0  1  0  7  0 88  1  0  0  0]
 [ 1  7  0  0  0  0 98  0  0  0]
 [ 0  9  0  0  2  0  0 82  0  4]
 [ 0  5  0  4  0  4  0  4 68  2]
 [ 0  3  0  0  4  0  0 15  0 90]]

Classification Report: 

              precision    recall  f1-score   support

           0       0.98      0.97      0.97        97
           1       0.65      0.99      0.79        95
           2       0.97      0.84      0.90       111
           3       0.89      0.94      0.92       103
           4       0.93      0.86      0.90        95
           5       0.95      0.91      0.93        97
           6       0.97      0.92      0.95       106
           7       0.78      0.85      0.81        97
           8       0.96      0.78      0.86        87
           9       0.93      0.80      0.86       112

    accuracy                           0.89      1000
   macro avg       0.90      0.89      0.89      1000
weighted avg       0.90      0.89      0.89      1000


F1Score:0.8886632022205343
Execution Time: 34.73605799674988