Accuracy: 0.901

Confusion Matrix: 

[[96  0  0  0  0  1  0  0  0  0]
 [ 0 94  0  1  0  0  0  0  0  0]
 [ 1  6 96  1  0  0  2  4  0  1]
 [ 0  1  1 97  0  0  0  3  1  0]
 [ 0 10  1  0 82  0  1  0  0  1]
 [ 2  1  0  7  0 86  1  0  0  0]
 [ 0  7  0  0  0  0 99  0  0  0]
 [ 0  8  0  0  0  0  0 84  0  5]
 [ 0  4  0  3  0  1  0  2 74  3]
 [ 0  3  0  0  5  0  0 11  0 93]]

Classification Report: 

              precision    recall  f1-score   support

           0       0.97      0.99      0.98        97
           1       0.70      0.99      0.82        95
           2       0.98      0.86      0.92       111
           3       0.89      0.94      0.92       103
           4       0.94      0.86      0.90        95
           5       0.98      0.89      0.93        97
           6       0.96      0.93      0.95       106
           7       0.81      0.87      0.84        97
           8       0.99      0.85      0.91        87
           9       0.90      0.83      0.87       112

    accuracy                           0.90      1000
   macro avg       0.91      0.90      0.90      1000
weighted avg       0.91      0.90      0.90      1000


F1Score:0.9028960470086973
Execution Time: 4.587113857269287