Accuracy: 0.894

Confusion Matrix: 

[[95  1  0  0  0  1  0  0  0  0]
 [ 0 95  0  0  0  0  0  0  0  0]
 [ 0  7 97  1  0  0  2  3  0  1]
 [ 0  1  0 98  0  0  0  1  3  0]
 [ 0 12  1  0 80  0  1  0  0  1]
 [ 1  0  0  6  0 89  1  0  0  0]
 [ 1  7  0  0  0  0 98  0  0  0]
 [ 0 11  0  0  1  0  0 81  0  4]
 [ 0  5  0  3  0  3  0  4 71  1]
 [ 0  3  0  0  3  0  0 16  0 90]]

Classification Report: 

              precision    recall  f1-score   support

           0       0.98      0.98      0.98        97
           1       0.67      1.00      0.80        95
           2       0.99      0.87      0.93       111
           3       0.91      0.95      0.93       103
           4       0.95      0.84      0.89        95
           5       0.96      0.92      0.94        97
           6       0.96      0.92      0.94       106
           7       0.77      0.84      0.80        97
           8       0.96      0.82      0.88        87
           9       0.93      0.80      0.86       112

    accuracy                           0.89      1000
   macro avg       0.91      0.89      0.90      1000
weighted avg       0.91      0.89      0.90      1000


F1Score:0.8965303848127726
Execution Time: 776.3134667873383