Accuracy: 0.928

Confusion Matrix: 

[[ 95   0   0   0   0   1   1   0   0   0]
 [  0  93   0   0   0   1   0   0   0   1]
 [  0   1 103   1   0   0   0   4   1   1]
 [  0   1   0  98   0   1   0   0   3   0]
 [  0   8   0   0  83   1   1   0   0   2]
 [  2   0   0   5   0  89   1   0   0   0]
 [  1   5   0   0   0   0 100   0   0   0]
 [  0   3   1   0   1   0   0  88   0   4]
 [  0   3   0   1   1   2   0   1  79   0]
 [  0   1   0   0   2   0   0   9   0 100]]

Classification Report: 

              precision    recall  f1-score   support

           0       0.97      0.98      0.97        97
           1       0.81      0.98      0.89        95
           2       0.99      0.93      0.96       111
           3       0.93      0.95      0.94       103
           4       0.95      0.87      0.91        95
           5       0.94      0.92      0.93        97
           6       0.97      0.94      0.96       106
           7       0.86      0.91      0.88        97
           8       0.95      0.91      0.93        87
           9       0.93      0.89      0.91       112

    accuracy                           0.93      1000
   macro avg       0.93      0.93      0.93      1000
weighted avg       0.93      0.93      0.93      1000


F1Score:0.9285436500869243
Execution Time: 3961.1824729442596