Accuracy: 0.887

Confusion Matrix: 

[[95  1  0  0  0  1  0  0  0  0]
 [ 0 95  0  0  0  0  0  0  0  0]
 [ 0  6 96  2  1  0  2  4  0  0]
 [ 0  1  1 96  0  1  0  2  2  0]
 [ 0 11  1  0 79  0  0  1  0  3]
 [ 1  0  0  7  0 88  1  0  0  0]
 [ 1  9  0  0  0  0 96  0  0  0]
 [ 0 10  0  0  1  0  0 83  0  3]
 [ 0  5  0  4  0  2  0  4 71  1]
 [ 0  3  0  0  6  0  0 15  0 88]]

Classification Report: 

              precision    recall  f1-score   support

           0       0.98      0.98      0.98        97
           1       0.67      1.00      0.81        95
           2       0.98      0.86      0.92       111
           3       0.88      0.93      0.91       103
           4       0.91      0.83      0.87        95
           5       0.96      0.91      0.93        97
           6       0.97      0.91      0.94       106
           7       0.76      0.86      0.81        97
           8       0.97      0.82      0.89        87
           9       0.93      0.79      0.85       112

    accuracy                           0.89      1000
   macro avg       0.90      0.89      0.89      1000
weighted avg       0.90      0.89      0.89      1000


F1Score:0.8894205818462543
Execution Time: 713.6168088912964