Accuracy: 0.884

Confusion Matrix: 

[[94  2  0  0  0  1  0  0  0  0]
 [ 0 94  0  1  0  0  0  0  0  0]
 [ 2 10 93  0  0  0  1  4  1  0]
 [ 0  2  2 96  0  0  0  0  3  0]
 [ 0 10  1  0 84  0  0  0  0  0]
 [ 0  1  0  7  0 88  1  0  0  0]
 [ 1  7  0  0  0  0 98  0  0  0]
 [ 0 10  0  0  2  1  0 81  0  3]
 [ 0  5  0  4  0  4  0  4 68  2]
 [ 0  4  0  0  4  0  0 16  0 88]]

Classification Report: 

              precision    recall  f1-score   support

           0       0.97      0.97      0.97        97
           1       0.65      0.99      0.78        95
           2       0.97      0.84      0.90       111
           3       0.89      0.93      0.91       103
           4       0.93      0.88      0.91        95
           5       0.94      0.91      0.92        97
           6       0.98      0.92      0.95       106
           7       0.77      0.84      0.80        97
           8       0.94      0.78      0.86        87
           9       0.95      0.79      0.86       112

    accuracy                           0.88      1000
   macro avg       0.90      0.88      0.89      1000
weighted avg       0.90      0.88      0.89      1000


F1Score:0.8867510248485693
Execution Time: 3.690549850463867