Accuracy: 0.876

Confusion Matrix: 

[[95  1  0  0  0  1  0  0  0  0]
 [ 0 94  0  1  0  0  0  0  0  0]
 [ 2  7 94  1  1  0  2  4  0  0]
 [ 0  1  1 98  0  0  0  2  1  0]
 [ 0 12  0  0 77  0  1  1  0  4]
 [ 1  1  0  7  0 87  1  0  0  0]
 [ 2  9  0  0  0  0 95  0  0  0]
 [ 0 13  0  0  1  0  0 78  0  5]
 [ 0  6  0  3  0  2  0  4 71  1]
 [ 0  2  0  0  6  0  0 17  0 87]]

Classification Report: 

              precision    recall  f1-score   support

           0       0.95      0.98      0.96        97
           1       0.64      0.99      0.78        95
           2       0.99      0.85      0.91       111
           3       0.89      0.95      0.92       103
           4       0.91      0.81      0.86        95
           5       0.97      0.90      0.93        97
           6       0.96      0.90      0.93       106
           7       0.74      0.80      0.77        97
           8       0.99      0.82      0.89        87
           9       0.90      0.78      0.83       112

    accuracy                           0.88      1000
   macro avg       0.89      0.88      0.88      1000
weighted avg       0.89      0.88      0.88      1000


F1Score:0.8790038658828705
Execution Time: 4294.394361972809