Accuracy: 0.889

Confusion Matrix: 

[[96  0  0  0  0  1  0  0  0  0]
 [ 0 94  0  1  0  0  0  0  0  0]
 [ 2  7 94  1  1  0  2  4  0  0]
 [ 0  1  1 97  0  0  0  2  2  0]
 [ 0 12  1  0 79  0  1  0  0  2]
 [ 2  1  0  6  0 87  1  0  0  0]
 [ 0  7  0  0  0  0 99  0  0  0]
 [ 0 10  0  0  0  0  0 82  0  5]
 [ 0  5  0  4  0  2  0  3 70  3]
 [ 0  3  0  0  4  0  0 14  0 91]]

Classification Report: 

              precision    recall  f1-score   support

           0       0.96      0.99      0.97        97
           1       0.67      0.99      0.80        95
           2       0.98      0.85      0.91       111
           3       0.89      0.94      0.92       103
           4       0.94      0.83      0.88        95
           5       0.97      0.90      0.93        97
           6       0.96      0.93      0.95       106
           7       0.78      0.85      0.81        97
           8       0.97      0.80      0.88        87
           9       0.90      0.81      0.85       112

    accuracy                           0.89      1000
   macro avg       0.90      0.89      0.89      1000
weighted avg       0.90      0.89      0.89      1000


F1Score:0.8911926473257922
Execution Time: 6.3434858322143555