Accuracy: 0.905

Confusion Matrix: 

[[96  0  0  0  0  1  0  0  0  0]
 [ 0 95  0  0  0  0  0  0  0  0]
 [ 2  5 96  1  1  0  2  2  1  1]
 [ 1  0  0 99  0  1  0  0  2  0]
 [ 0 10  1  0 82  0  1  0  0  1]
 [ 1  0  0  8  0 87  1  0  0  0]
 [ 1  8  0  0  0  0 97  0  0  0]
 [ 0  8  0  0  1  0  0 87  0  1]
 [ 0  5  0  2  0  1  0  3 75  1]
 [ 0  2  0  0  4  0  0 14  1 91]]

Classification Report: 

              precision    recall  f1-score   support

           0       0.95      0.99      0.97        97
           1       0.71      1.00      0.83        95
           2       0.99      0.86      0.92       111
           3       0.90      0.96      0.93       103
           4       0.93      0.86      0.90        95
           5       0.97      0.90      0.93        97
           6       0.96      0.92      0.94       106
           7       0.82      0.90      0.86        97
           8       0.95      0.86      0.90        87
           9       0.96      0.81      0.88       112

    accuracy                           0.91      1000
   macro avg       0.91      0.91      0.91      1000
weighted avg       0.92      0.91      0.91      1000


F1Score:0.9064023266708425
Execution Time: 128.43783593177795