Accuracy: 0.888

Confusion Matrix: 

[[95  1  0  0  0  1  0  0  0  0]
 [ 0 94  0  1  0  0  0  0  0  0]
 [ 2  6 96  0  1  0  2  4  0  0]
 [ 0  1  1 98  0  0  0  2  1  0]
 [ 0 12  0  0 78  0  2  0  0  3]
 [ 2  0  0  7  0 87  1  0  0  0]
 [ 1  7  0  0  0  0 98  0  0  0]
 [ 0 10  0  0  1  0  0 82  0  4]
 [ 0  8  0  2  0  2  0  4 70  1]
 [ 0  3  0  0  5  0  0 14  0 90]]

Classification Report: 

              precision    recall  f1-score   support

           0       0.95      0.98      0.96        97
           1       0.66      0.99      0.79        95
           2       0.99      0.86      0.92       111
           3       0.91      0.95      0.93       103
           4       0.92      0.82      0.87        95
           5       0.97      0.90      0.93        97
           6       0.95      0.92      0.94       106
           7       0.77      0.85      0.81        97
           8       0.99      0.80      0.89        87
           9       0.92      0.80      0.86       112

    accuracy                           0.89      1000
   macro avg       0.90      0.89      0.89      1000
weighted avg       0.90      0.89      0.89      1000


F1Score:0.8905010688659836
Execution Time: 3018.8511769771576