Accuracy: 0.918

Confusion Matrix: 

[[ 95   1   0   0   0   1   0   0   0   0]
 [  0  95   0   0   0   0   0   0   0   0]
 [  1   5 100   1   0   0   1   2   0   1]
 [  1   0   0 100   0   0   0   0   2   0]
 [  0  10   2   0  81   0   0   0   0   2]
 [  1   1   0   7   0  87   1   0   0   0]
 [  2   6   0   0   0   0  98   0   0   0]
 [  0   8   0   0   1   0   0  86   0   2]
 [  0   4   0   3   0   1   0   2  74   3]
 [  0   1   0   0   2   0   0   6   1 102]]

Classification Report: 

              precision    recall  f1-score   support

           0       0.95      0.98      0.96        97
           1       0.73      1.00      0.84        95
           2       0.98      0.90      0.94       111
           3       0.90      0.97      0.93       103
           4       0.96      0.85      0.91        95
           5       0.98      0.90      0.94        97
           6       0.98      0.92      0.95       106
           7       0.90      0.89      0.89        97
           8       0.96      0.85      0.90        87
           9       0.93      0.91      0.92       112

    accuracy                           0.92      1000
   macro avg       0.93      0.92      0.92      1000
weighted avg       0.93      0.92      0.92      1000


F1Score:0.9193582584282078
Execution Time: 125.07143187522888