Accuracy: 0.902

Confusion Matrix: 

[[ 95   1   0   0   0   1   0   0   0   0]
 [  0  94   0   1   0   0   0   0   0   0]
 [  1   6  97   0   1   0   2   4   0   0]
 [  0   1   0  98   0   0   0   1   3   0]
 [  0  11   2   0  81   0   0   0   0   1]
 [  1   1   0   6   0  88   1   0   0   0]
 [  0   5   0   0   0   0 101   0   0   0]
 [  0   9   0   0   1   0   0  84   0   3]
 [  0   6   0   4   0   1   0   3  72   1]
 [  0   3   0   0   5   0   0  12   0  92]]

Classification Report: 

              precision    recall  f1-score   support

           0       0.98      0.98      0.98        97
           1       0.69      0.99      0.81        95
           2       0.98      0.87      0.92       111
           3       0.90      0.95      0.92       103
           4       0.92      0.85      0.89        95
           5       0.98      0.91      0.94        97
           6       0.97      0.95      0.96       106
           7       0.81      0.87      0.84        97
           8       0.96      0.83      0.89        87
           9       0.95      0.82      0.88       112

    accuracy                           0.90      1000
   macro avg       0.91      0.90      0.90      1000
weighted avg       0.91      0.90      0.90      1000


F1Score:0.9041172449349898
Execution Time: 2675.3572940826416